32 32 2
6 76 77 81 28 29 18 62  79 97 95 30 60 36  82 83  4 81 18  80  76 100 54 23 95 25   7 100 40 87 82 60
0 50 82 36  2 47 82 48  30 44 32  3 36 40  17 35 81 22 38  55 100  32 87 17 99 32  11  44 11 21  4  6
0  0 45 19 68 70 68 43  43  8 80 78 36 73  99 30 99 85 59  98  34  85  4 92 25 32  29  90  7 31 84 30
0  0  0 88 83 15  7 88  10 41 88 13  0 29  86 27 49 66 24   2  97  90 87  1  1 25   5  38 28 15 24 34
0  0  0  0 50 64 52 40  24 63 58 32 98 15  83 19 24 37 64 100  42  94 29 38 40 36  19  52 21 16 66 44
0  0  0  0  0 71  4 22  53 33  1 32 35 72  46 79 56 39 28   6  79  46 76  3 23 23  80  51  3 58 99 93
0  0  0  0  0  0 47 39  33  1 16 62 37 72  62 29 32 72  9  35  14  60 70 56 41 44  58  76 69 72 69 91
0  0  0  0  0  0  0 45  75 92 85 21  0 99 100 49 49 27 94  44  12  69 75  8 67 94  26  85 76 36 32 55
0  0  0  0  0  0  0  0 100 48 51 81 20 97 100 60 99 79 96  30  77  89 73 46 47  8  31  13 67  0 65 99
0  0  0  0  0  0  0  0   0 81 56 33 94 24   5  3 61 27 63   3  50  87 97 15 95  5  30  41 80 67 19 16
0  0  0  0  0  0  0  0   0  0 23 94 59 66  78  5 66 10 52   5  77   3 37 51 53 38  16  89 61 71 98 72
0  0  0  0  0  0  0  0   0  0  0  1 31 76  34 98 30 67 31  32  80   1 69  2 38 37 100  97 34 81 41 80
0  0  0  0  0  0  0  0   0  0  0  0 95 79  19 49  3 77 91  36  40   7 78 34 13 83   2  84 77  3 67 20
0  0  0  0  0  0  0  0   0  0  0  0  0 72  11 14  1 21 33  77  34   1 36 14 18 75  34  95 14 39 98  1
0  0  0  0  0  0  0  0   0  0  0  0  0  0  45 85 63 29 81  57  91   4 96 21 33 58   2  21 99 92  1 43
0  0  0  0  0  0  0  0   0  0  0  0  0  0   0 37 98 53 23  84  47  19 28 90 78 25  71  76 25 13 49 92
0  0  0  0  0  0  0  0   0  0  0  0  0  0   0  0 80 11 87  69 100  82 21 32 86 83  35  13  4 55 97 79
0  0  0  0  0  0  0  0   0  0  0  0  0  0   0  0  0 74 95  51  59  94 27 60  8 44  93  39 77 60 95 27
0  0  0  0  0  0  0  0   0  0  0  0  0  0   0  0  0  0 19  81  77  24 78 63 58 10  72  32  6 49 42 70
0  0  0  0  0  0  0  0   0  0  0  0  0  0   0  0  0  0  0  61  55  46 79 42 21 68  87  52 67 51 43 81
0  0  0  0  0  0  0  0   0  0  0  0  0  0   0  0  0  0  0   0  81  42 76 94 60 99   4  91 98  6 82 15
0  0  0  0  0  0  0  0   0  0  0  0  0  0   0  0  0  0  0   0   0  35 39 45 97 27  45  96 39 13 57  7
0  0  0  0  0  0  0  0   0  0  0  0  0  0   0  0  0  0  0   0   0   0 75 46 31 76  21  98 16  5 18 85
0  0  0  0  0  0  0  0   0  0  0  0  0  0   0  0  0  0  0   0   0   0  0 85  2  4  75  91 15 33 23 65
0  0  0  0  0  0  0  0   0  0  0  0  0  0   0  0  0  0  0   0   0   0  0  0 14 83  80  76 78 35 93 47
0  0  0  0  0  0  0  0   0  0  0  0  0  0   0  0  0  0  0   0   0   0  0  0  0 47  77  98 22 19 53 51
0  0  0  0  0  0  0  0   0  0  0  0  0  0   0  0  0  0  0   0   0   0  0  0  0  0  57  12 95 23  4  6
0  0  0  0  0  0  0  0   0  0  0  0  0  0   0  0  0  0  0   0   0   0  0  0  0  0   0  43 78 95 27 25
0  0  0  0  0  0  0  0   0  0  0  0  0  0   0  0  0  0  0   0   0   0  0  0  0  0   0   0 57 57 63  2
0  0  0  0  0  0  0  0   0  0  0  0  0  0   0  0  0  0  0   0   0   0  0  0  0  0   0   0  0 23 84 85
0  0  0  0  0  0  0  0   0  0  0  0  0  0   0  0  0  0  0   0   0   0  0  0  0  0   0   0  0  0 65 27
0  0  0  0  0  0  0  0   0  0  0  0  0  0   0  0  0  0  0   0   0   0  0  0  0  0   0   0  0  0  0 99
