
1258.543945
1232.569946
1251.473511
1350.312744
1232.156982
1359.212524
1555.785034
1510.109253
1557.037964
1755.122681
1463.430298
1426.399536
1465.640991
1476.620850
1484.270874
1487.330811
1502.753418
1458.113892
1442.598389
1512.356567
1489.034058
1466.872681
1466.207031
1535.687012
1480.703003
1569.366577
1544.271851
1527.769775
1559.664062
1524.248169
1546.520752
1529.926392
1524.135376
1529.952271
1575.882446
1536.763794
1517.171631
1541.407837
1524.919556
1515.603394
1561.881958
1558.637207
1542.052734
1537.235962
1528.247559
1525.609863
1548.164062
1537.388672
1531.931152
1555.576050
1566.392944
1570.397339
1569.088501
1511.202026
1540.517578
1542.104004
1551.640869
1594.559204
1555.065063
1560.623657
1549.603149
1539.996094
1530.531860
1632.330078
1586.896118
1594.931641
1554.855835
1591.180786
1595.652710
1585.259766
1624.018921
1544.369385
1580.244019
1592.727173
1583.416626
1559.606323
1608.421143
1633.490723
1538.312744
1572.710571
1564.225830
1610.385376
1566.356079
1581.096191
1575.173218
1605.761475
1611.252075
1608.715942
1589.053589
1560.392456
1552.934448
1567.915771
1609.291748
1574.830200
1563.289673
1566.238037
1669.024170
1605.962646
1613.624634
1577.510864
