200 10
5 37
9 430
17 108
25 808
40 265
49 53
54 509
78 790
89 44
96 820
97 497
98 837
99 181
101 845
102 716
117 175
126 29
135 85
136 541
146 249
152 38
173 132
176 579
190 505
200 663
215 510
219 62
226 647
236 644
242 300
245 589
246 997
250 303
255 186
256 726
263 512
267 126
268 282
272 445
273 424
284 806
296 34
303 484
303 640
304 846
315 957
318 8
319 683
323 895
324 536
330 463
336 349
341 46
342 604
343 930
360 64
360 6
373 134
375 57
376 993
378 422
388 889
391 297
395 774
397 438
405 505
405 413
408 872
414 114
416 167
418 606
424 181
424 947
428 904
438 701
440 257
444 587
447 362
452 990
455 895
455 674
458 577
459 790
461 586
463 595
464 656
465 33
465 746
467 291
467 563
470 806
490 997
492 989
495 732
503 651
513 700
517 99
520 397
525 385
532 602
535 948
539 358
544 806
546 937
557 409
559 889
563 243
564 563
582 689
587 546
587 499
588 848
588 92
593 798
594 116
599 207
599 785
611 383
615 683
616 812
626 486
629 726
633 308
641 984
643 868
646 770
649 813
660 857
661 632
669 711
677 270
683 137
683 354
686 129
688 706
719 29
720 423
723 371
725 311
728 712
732 949
738 542
741 932
749 242
751 447
752 106
756 550
758 696
761 816
772 215
775 540
777 434
782 116
784 378
785 633
785 182
794 607
799 526
799 201
806 737
809 664
823 358
824 162
829 700
834 872
834 284
840 437
854 503
859 459
859 232
872 422
872 243
880 789
882 450
888 157
891 617
894 283
897 100
907 885
912 147
913 140
915 794
919 606
920 25
924 975
929 589
935 602
937 794
939 932
941 151
943 379
968 501
973 666
981 861
985 789
986 253
992 64
996 748
997 85
999 163
