1000 20
1 58 213 159 19 7 188 67 230 202 18 210 109 46 33 79 137 154 48 292
2 119 266 67 95 195 77 157 147 170 150 109 177 259 73 87 29 79 26 95
3 60 227 165 270 35 210 2 166 46 207 265 90 25 230 208 119 124 284 28
4 22 205 229 183 82 187 7 220 216 86 246 62 145 172 278 166 259 188 167
5 124 285 74 88 126 150 69 33 21 244 17 48 18 221 28 252 54 214 258
6 274 181 43 219 295 240 90 272 105 100 211 24 223 196 149 62 73 298 182
7 106 70 178 122 117 247 94 144 198 200 110 155 173 42 250 143 88 241 284
8 60 97 84 22 172 58 269 20 172 42 70 105 147 139 282 20 8 228 165
9 203 177 64 64 32 288 106 33 130 193 273 114 4 121 249 78 293 6 46
10 12 229 87 133 34 285 24 15 4 31 295 169 285 171 284 49 254 272 154
11 286 101 98 10 266 154 131 214 283 175 272 28 186 200 167 71 233 151 94
12 300 207 176 46 75 160 268 58 260 222 81 165 259 182 15 21 147 220 203
13 113 202 77 84 281 14 35 147 84 20 50 229 71 256 156 116 82 68 83
14 139 27 56 220 244 67 153 258 87 51 177 289 163 78 117 298 58 130 33
15 257 266 104 6 246 174 261 102 41 42 221 123 232 299 231 203 242 297 55
16 199 83 158 75 123 72 204 239 70 14 120 154 270 85 257 275 31 182 287
17 184 222 28 104 44 259 102 26 214 44 22 20 294 156 177 121 278 249 24
18 268 70 89 88 223 58 172 231 84 254 112 70 137 33 149 240 128 160 42
19 154 73 137 227 92 130 83 269 250 112 269 26 80 38 114 219 260 224 142
20 242 7 96 53 129 232 137 277 172 16 136 265 221 260 101 148 52 282 230
21 72 232 93 40 257 224 77 70 142 88 293 284 29 52 131 133 180 62 269
22 208 285 284 96 249 205 55 101 104 158 83 85 229 14 177 268 22 153 44
23 91 294 183 136 29 211 239 159 95 118 273 63 77 257 99 172 258 55 279
24 58 158 136 192 294 65 257 222 84 278 74 180 121 120 62 256 148 25 194
25 59 119 63 83 182 191 91 32 115 48 138 93 158 47 280 49 40 96 6
26 261 180 283 35 59 103 154 120 110 53 144 55 163 263 169 245 196 60 36
27 279 174 135 116 18 292 162 297 41 253 93 98 213 272 132 299 30 287 204
28 201 96 257 45 203 171 59 71 116 254 130 203 284 55 37 99 72 81 260
29 69 173 212 213 270 176 184 153 175 265 139 78 165 287 86 261 189 257 71
30 259 124 76 141 78 59 195 166 157 267 246 168 87 170 131 299 191 7 182
31 44 233 198 182 62 62 168 148 75 108 156 145 67 31 221 207 108 279 153
32 273 188 119 271 55 205 140 238 203 31 296 136 126 280 33 7 41 147 227
33 240 273 34 147 117 152 177 89 110 284 120 263 9 59 81 279 165 38 170
34 102 292 200 97 180 77 128 212 84 169 110 62 160 82 147 7 251 299 183
35 91 108 167 210 70 175 20 203 205 185 292 74 286 283 26 135 214 102 262
36 126 237 182 287 298 42 121 145 48 71 195 230 213 2 148 175 124 74 194
37 78 278 78 69 52 64 103 129 250 17 230 211 194 167 93 232 216 134 52
38 60 233 174 254 214 87 8 62 13 183 135 206 260 165 284 80 268 99 234
39 96 48 2 25 10 247 243 154 179 159 39 282 218 271 156 224 185 294 283
40 298 6 165 184 211 176 100 246 255 67 96 240 162 143 242 239 205 188 181
41 58 118 39 97 100 9 119 7 232 55 52 266 52 57 130 288 19 57 87
42 17 11 154 112 250 67 7 243 5 211 183 186 20 300 276 168 151 284 287
43 209 267 41 260 232 145 68 113 132 87 169 218 155 231 123 18 233 242 24
44 175 246 286 109 183 6 161 159 173 11 194 211 220 161 252 231 144 96 299
45 257 279 137 177 248 291 160 123 8 92 64 84 18 9 69 127 244 126 39
46 154 51 49 47 261 20 207 264 251 51 111 1 59 89 137 287 89 179 146
47 211 238 237 274 21 7 34 142 185 29 19 223 182 121 23 229 134 43 187
48 97 45 289 260 45 47 100 233 86 188 163 231 98 100 220 123 173 226 209
49 66 162 237 136 84 119 257 158 99 90 200 285 238 296 274 197 92 72 297
50 76 157 184 238 140 34 90 59 208 262 36 116 79 197 53 214 32 223 170
51 189 21 11 141 57 249 136 82 197 280 206 193 55 62 129 45 253 162 134
52 11 121 147 46 237 225 294 289 138 25 263 60 266 283 70 106 91 70 293
53 173 267 272 78 211 79 191 39 123 144 252 8 154 73 154 252 9 78 297
54 49 267 22 63 26 287 97 148 144 187 217 136 59 235 160 188 146 238 79
55 184 112 274 136 119 179 260 272 182 20 101 179 68 67 252 130 145 238 226
56 292 133 164 260 268 275 195 179 162 40 116 292 223 279 265 110 97 144 69
57 120 25 88 220 255 207 287 206 88 131 195 65 174 27 229 133 47 203 27
58 225 64 66 93 56 41 71 72 150 220 267 271 39 44 58 259 298 17 297
59 204 104 179 150 169 52 177 97 236 275 51 263 199 114 28 43 221 68 166
60 45 270 85 11 240 175 106 49 185 104 117 233 59 221 111 208 141 214 136
61 289 150 110 39 164 9 204 191 103 125 11 268 169 32 104 231 23 31 37
62 71 215 192 188 200 250 160 10 209 52 276 45 40 177 154 78 40 214 281
63 282 17 157 292 284 77 75 140 8 97 170 96 220 136 287 159 35 288 18
64 97 196 121 72 240 160 248 146 289 287 59 21 268 75 178 12 111 6 138
65 2 65 235 171 160 206 58 198 64 93 185 133 189 133 253 12 124 112 11
66 269 100 49 28 120 68 154 49 79 264 55 269 265 119 203 187 31 108 245
67 228 223 89 165 55 277 49 7 40 172 170 50 193 269 98 272 140 165 125
68 241 296 141 47 264 157 217 218 96 247 77 40 227 299 128 143 105 156 243
69 111 247 166 280 296 58 300 93 29 191 9 206 183 56 98 229 19 254 198
70 288 101 196 116 140 174 166 19 16 270 226 10 132 172 176 111 219 233 162
71 63 14 105 72 271 39 127 68 20 198 73 217 237 174 112 53 65 286 218
72 136 53 188 61 63 19 285 238 182 203 222 95 18 235 251 89 205 290 267
73 24 9 216 97 225 153 270 88 205 86 125 122 221 178 9 34 292 80 70
74 229 261 272 150 55 289 137 58 129 93 47 148 117 55 63 265 31 215 286
75 170 119 71 295 241 44 172 1 77 163 80 146 143 92 169 44 199 210 232
76 256 90 25 2 237 193 108 300 209 190 214 246 59 85 16 105 77 111 276
77 77 187 190 209 84 84 300 5 128 198 214 111 153 55 135 206 292 79 13
78 43 39 254 8 284 13 92 52 117 168 162 145 297 49 86 205 184 170 204
79 188 49 154 153 159 6 208 46 212 251 176 276 293 215 230 52 198 242 144
80 249 110 63 111 6 111 211 92 15 146 13 271 34 113 124 238 271 181 145
81 68 92 147 244 68 139 158 297 191 107 290 86 108 151 200 270 157 11 232
82 300 77 77 12 47 162 176 222 100 146 103 296 266 194 143 209 13 33 118
83 61 275 224 102 112 83 253 12 52 161 74 283 160 150 60 223 249 273 98
84 170 72 295 272 120 260 218 14 168 282 98 285 43 73 261 144 236 43 148
85 247 95 8 72 129 167 222 188 141 222 161 238 91 284 233 115 155 192 84
86 168 112 65 18 96 159 142 108 55 77 203 254 76 297 262 147 125 180 120
87 65 21 41 277 258 184 260 190 298 115 134 133 34 245 249 51 92 160 192
88 200 214 21 154 219 96 202 180 242 78 60 62 142 132 102 118 89 285 130
89 31 34 296 164 218 81 160 167 184 251 26 127 202 291 147 107 209 242 8
90 141 236 86 252 297 227 83 150 97 171 187 278 253 272 25 168 190 105 27
91 56 40 30 133 167 283 175 13 90 135 7 97 275 242 182 226 290 161 8
92 139 9 231 77 38 183 49 62 51 290 218 129 45 258 158 229 124 193 103
93 188 282 237 246 130 264 239 64 189 228 276 249 119 284 179 195 21 61 295
94 82 163 284 51 292 80 8 201 60 183 93 214 123 126 203 68 8 166 59
95 71 106 286 46 54 104 81 284 51 101 97 97 234 259 133 284 2 264 44
96 203 24 278 295 237 100 173 191 220 180 56 278 250 214 15 47 267 171 127
97 3 273 279 99 69 264 57 253 299 59 217 94 13 240 72 7 228 171 231
98 119 142 110 226 171 111 139 186 209 106 56 35 160 28 65 258 148 80 66
99 101 79 176 17 172 188 8 243 247 235 166 177 105 59 39 31 230 149 169
100 167 58 26 222 144 185 1 261 142 148 40 208 300 118 83 68 42 23 75
101 36 269 62 253 145 166 12 235 196 293 84 117 159 141 142 80 36 27 132
102 296 168 31 36 127 31 205 262 150 298 284 225 34 4 38 286 148 255 49
103 135 151 41 218 267 199 110 160 30 145 186 161 193 106 244 280 232 26 184
104 245 175 182 228 151 267 231 188 4 131 143 53 265 45 145 234 63 96 43
105 222 125 239 160 38 183 265 281 162 248 58 46 193 232 279 172 83 245 155
106 22 248 37 216 52 53 260 197 286 74 292 80 48 168 70 207 257 253 223
107 237 114 222 46 211 166 278 189 38 112 185 244 133 185 32 49 236 84 60
108 132 121 186 175 252 233 43 21 191 299 25 165 288 139 86 33 101 252 62
109 290 41 173 174 36 58 58 67 158 46 150 269 229 22 154 104 273 138 198
110 45 28 248 70 192 287 260 30 72 60 281 185 101 73 58 27 108 167 136
111 174 24 181 75 44 110 96 198 265 120 35 214 216 115 213 285 58 200 296
112 87 23 56 67 207 156 191 16 234 298 182 70 171 257 250 297 1 111 144
113 250 127 263 284 40 179 150 5 215 208 204 211 46 226 266 165 132 173 55
114 148 107 53 81 228 275 38 229 272 90 40 115 39 218 130 22 10 60 224
115 14 274 183 217 184 228 194 201 92 77 126 147 276 284 199 57 211 173 146
116 139 196 235 230 11 273 148 140 46 157 199 269 222 224 203 138 160 131 83
117 60 222 159 237 120 187 220 18 243 182 243 140 73 190 74 2 200 98 201
118 91 195 109 41 216 30 265 118 219 124 248 1 235 222 212 172 41 98 143
119 111 92 77 53 231 149 242 56 202 194 205 155 36 99 263 77 14 293 41
120 132 263 216 131 264 202 52 227 125 93 24 268 203 167 96 7 97 296 300
121 204 197 193 108 51 281 206 66 57 272 110 149 103 72 116 285 35 17 37
122 261 142 129 36 161 31 202 256 89 50 251 88 253 199 33 112 2 13 70
123 67 69 41 176 269 195 247 84 179 34 100 215 46 241 95 82 101 177 35
124 108 265 85 110 53 89 9 85 253 62 97 22 128 217 62 55 185 8 1
125 268 238 86 67 153 132 60 299 265 160 176 299 20 140 135 129 192 276 189
126 28 228 250 176 249 129 92 62 183 276 69 236 243 58 21 62 210 204 121
127 261 168 32 136 219 51 27 53 232 219 28 120 298 255 122 174 255 2 265
128 16 185 293 136 172 235 194 192 48 155 96 168 115 15 200 2 233 250 29
129 38 233 299 65 53 296 72 226 221 78 227 238 94 163 230 281 34 216 226
130 278 264 133 125 183 299 139 82 1 124 84 81 161 16 79 277 120 126 48
131 45 47 126 24 36 271 186 265 3 220 232 281 197 195 113 73 78 111 211
132 211 163 86 46 295 246 62 73 223 233 251 22 278 49 199 1 84 221 238
133 48 276 157 31 256 105 226 120 177 55 282 140 265 145 277 63 139 223 124
134 264 197 56 214 218 85 262 169 137 97 89 75 196 116 283 226 71 140 203
135 190 16 257 172 207 274 68 184 36 258 158 211 221 54 18 186 23 103 199
136 243 239 47 32 65 242 199 48 168 270 187 70 211 254 79 134 213 52 201
137 148 139 159 5 49 131 110 66 69 184 220 19 127 211 66 210 275 7 108
138 74 226 77 12 296 40 18 74 173 230 177 74 129 67 284 133 115 166 294
139 232 286 177 152 5 3 62 122 212 88 180 20 162 106 148 225 153 187 242
140 278 112 171 154 185 299 220 220 183 86 137 228 17 123 105 220 179 159 281
141 300 71 121 179 142 282 36 41 258 188 228 200 165 39 122 70 275 121 41
142 246 55 126 82 283 195 204 139 114 134 297 147 185 119 267 64 260 300 151
143 1 257 39 280 156 255 70 278 25 96 150 117 41 256 243 174 290 189 130
144 180 54 263 177 200 148 47 166 263 7 217 113 59 174 203 90 81 158 211
145 110 234 6 11 50 98 19 44 271 8 232 100 188 286 115 116 237 262 162
146 155 276 220 71 88 30 296 291 171 129 200 81 238 133 138 1 182 235 19
147 278 258 78 209 109 17 246 223 184 183 236 98 37 211 69 159 299 99 207
148 41 269 35 292 102 24 124 239 24 57 226 94 86 235 224 295 43 292 292
149 266 176 226 201 273 14 112 41 173 162 191 79 254 212 165 245 13 188 120
150 3 264 228 280 109 14 214 32 60 257 24 51 274 251 29 226 275 42 89
151 15 214 250 258 44 255 221 208 199 285 148 70 287 111 298 19 271 63 232
152 55 122 240 78 224 265 80 252 191 54 46 279 120 259 281 129 55 235 49
153 14 186 33 161 7 72 23 56 90 294 118 21 48 291 13 177 267 277 8
154 218 219 61 15 250 232 26 230 61 80 216 109 145 153 142 6 160 213 80
155 215 2 125 85 74 224 75 138 152 41 167 159 11 85 271 25 34 203 102
156 15 263 181 231 123 26 135 264 83 294 228 214 261 281 39 97 107 14 171
157 244 166 264 110 24 26 247 47 102 280 249 204 295 263 136 277 85 213 111
158 101 47 157 28 261 169 9 51 265 115 116 187 110 281 150 272 57 227 218
159 103 81 197 51 284 243 65 171 271 149 84 82 249 182 290 29 142 158 89
160 244 174 203 60 60 64 92 262 35 148 240 252 2 20 201 104 55 143 168
161 226 114 69 61 247 17 242 288 97 136 145 185 131 70 139 190 129 203 34
162 142 237 233 82 241 235 101 141 90 156 35 258 81 200 26 193 146 94 134
163 185 191 269 29 75 100 150 214 41 279 168 74 120 156 59 201 96 45 54
164 288 134 209 23 91 41 274 168 233 120 14 118 4 256 87 85 82 238 234
165 47 278 264 214 104 136 70 162 88 217 258 141 205 91 101 279 234 193 252
166 153 177 123 166 295 179 173 133 15 255 70 300 1 99 264 215 202 151 36
167 115 238 252 72 131 208 215 231 186 148 176 190 300 52 12 218 46 190 90
168 178 204 44 299 204 45 98 219 11 51 69 98 218 58 49 41 188 9 255
169 171 194 102 46 135 154 149 147 71 195 36 160 124 292 204 123 247 300 272
170 165 10 22 285 107 239 42 207 32 282 215 286 204 161 140 1 47 293 149
171 193 63 95 281 274 219 272 177 93 218 228 116 134 289 189 118 95 128 211
172 54 211 244 20 196 147 232 35 147 279 79 296 171 141 90 203 115 60 174
173 43 204 143 271 19 276 259 208 145 106 87 108 211 297 51 282 244 198 214
174 31 96 244 109 91 166 2 233 69 168 44 294 210 248 137 232 18 164 243
175 277 61 100 115 168 62 163 270 43 107 219 256 189 15 251 297 105 117 50
176 89 237 217 133 230 179 80 118 162 149 282 156 126 94 255 292 13 16 155
177 282 111 13 201 66 201 215 69 249 71 237 299 160 173 267 292 102 197 123
178 220 59 271 253 214 148 46 221 140 58 288 294 39 98 58 291 216 258 205
179 284 258 28 220 8 187 92 275 178 245 223 300 164 281 22 168 247 170 213
180 167 9 22 206 54 113 4 111 103 219 120 60 254 77 87 173 137 273 16
181 163 202 260 85 253 176 66 274 43 64 143 8 282 203 81 187 8 193 190
182 118 48 108 289 159 61 118 297 285 254 21 52 116 222 12 200 226 239 17
183 199 33 132 94 92 113 48 173 300 56 117 189 225 216 49 214 74 161 31
184 122 198 284 142 249 151 115 12 102 40 250 119 291 283 250 136 126 115 183
185 298 114 290 167 54 215 82 102 180 208 15 210 29 212 245 223 160 147 37
186 172 248 129 173 66 171 207 68 6 33 234 240 82 47 282 248 100 196 82
187 254 127 289 20 88 69 283 32 43 142 178 132 65 177 260 290 295 182 196
188 62 187 228 47 178 10 93 159 9 244 106 90 249 232 78 268 19 199 250
189 102 241 144 31 124 260 208 83 1 202 264 197 15 202 176 61 80 237 205
190 238 246 200 96 35 149 27 165 168 98 115 170 251 107 13 282 231 24 241
191 65 25 194 81 273 260 282 148 72 113 137 276 103 134 175 198 220 75 276
192 84 243 73 250 112 24 57 176 57 39 251 49 103 27 294 183 299 253 217
193 199 24 29 87 51 183 220 277 80 139 52 56 275 46 180 224 209 255 32
194 136 11 122 138 111 225 165 104 159 215 56 127 165 131 208 251 181 90 170
195 210 170 9 13 277 35 58 156 258 18 111 42 205 173 163 42 284 139 258
196 139 50 173 195 176 37 77 83 288 258 225 209 167 94 269 231 122 3 288
197 277 261 57 139 54 13 12 268 106 47 107 64 185 156 288 131 83 76 208
198 218 115 217 142 24 135 287 292 65 108 295 104 136 7 160 275 60 224 38
199 27 29 136 185 144 20 92 131 203 227 207 110 144 21 78 285 44 212 23
200 88 276 130 82 79 17 140 290 291 251 213 80 29 241 215 214 85 287 57
201 267 241 283 173 50 178 246 179 162 41 90 236 128 65 65 261 195 82 100
202 184 124 50 148 256 79 140 170 44 276 208 152 243 148 135 167 249 12 112
203 127 226 153 268 161 32 32 278 293 278 111 144 161 286 194 8 241 24 148
204 163 119 123 122 270 117 270 156 284 270 168 147 149 145 299 116 5 83 200
205 34 75 177 144 270 90 182 215 97 122 290 296 36 108 171 158 130 287 179
206 285 22 200 152 169 48 296 219 216 53 1 115 86 127 43 282 97 132 163
207 63 281 36 53 28 124 160 250 281 289 289 211 274 10 110 177 230 210 225
208 149 125 29 201 291 166 80 33 147 228 217 61 290 249 149 42 28 272 254
209 278 4 242 266 214 267 27 75 196 257 284 120 157 108 148 109 98 13 188
210 183 212 115 151 24 157 151 224 198 178 195 151 155 250 145 172 163 163 199
211 238 58 207 273 229 63 81 128 171 230 193 111 164 156 225 66 179 81 216
212 103 31 94 49 233 300 299 77 224 213 292 122 202 49 28 175 30 142 7
213 157 64 288 49 174 204 204 151 269 135 231 237 289 13 30 37 246 81 87
214 74 4 52 117 177 253 166 256 179 247 97 237 103 213 225 204 86 180 107
215 236 148 293 219 136 281 231 165 70 228 298 208 54 53 259 170 230 264 87
216 185 194 33 34 131 188 246 107 91 31 286 249 19 185 242 237 21 274 219
217 237 43 199 234 3 4 287 261 173 268 276 12 152 170 96 237 300 283 182
218 158 73 265 143 22 283 79 15 271 99 40 241 88 83 139 73 137 142 111
219 97 67 78 73 130 282 294 225 218 293 208 152 202 32 116 96 105 150 174
220 119 172 25 159 112 112 293 3 184 129 196 47 277 262 124 101 143 105 94
221 68 75 138 275 226 39 6 41 134 111 242 60 281 113 84 191 276 195 235
222 278 130 63 174 176 92 187 52 192 30 208 38 97 282 227 123 207 266 180
223 247 151 290 240 210 23 52 45 213 28 239 148 57 121 262 230 48 105 169
224 99 49 198 7 86 46 288 64 220 195 29 99 193 232 141 185 193 163 236
225 238 127 15 228 26 72 48 40 53 148 196 221 246 244 170 4 81 215 44
226 145 186 290 225 285 234 156 125 118 101 39 54 38 217 120 265 295 191 65
227 34 244 212 229 216 157 225 86 213 5 52 256 201 238 245 126 274 178 33
228 150 48 133 188 153 170 156 272 135 150 215 251 235 210 162 216 125 70 192
229 210 282 196 14 289 97 251 233 274 224 163 6 73 210 139 12 62 60 219
230 85 246 69 299 196 55 208 57 22 85 127 213 294 160 161 59 149 9 9
231 133 282 284 47 39 108 8 177 171 69 289 90 206 234 210 204 182 16 164
232 290 38 248 168 250 293 28 162 52 228 170 112 60 151 96 107 190 255 114
233 118 126 235 158 215 192 144 176 147 25 191 10 66 228 9 234 230 2 13
234 91 105 240 13 216 51 215 63 209 156 18 75 274 195 9 183 161 200 26
235 36 98 102 278 108 168 258 116 153 187 169 165 29 25 156 93 241 206 8
236 55 115 163 124 189 188 70 249 71 230 200 148 17 297 250 295 156 169 252
237 24 21 190 244 237 270 269 92 63 261 49 70 15 215 284 191 155 172 260
238 103 242 190 54 141 206 103 90 252 258 10 203 33 82 92 277 18 114 245
239 161 176 205 210 297 271 176 280 161 31 151 173 185 144 114 291 285 71 93
240 126 23 102 188 277 135 269 69 111 287 234 107 199 109 11 160 105 33 36
241 84 246 118 287 118 2 182 231 44 166 1 136 44 75 290 231 52 124 251
242 172 286 237 105 92 188 213 154 47 69 186 134 204 131 251 190 300 5 72
243 230 48 289 283 236 84 57 225 66 160 100 17 31 85 5 135 176 192 99
244 81 291 167 266 124 71 149 75 12 148 131 135 130 178 124 112 165 259 220
245 89 25 80 188 41 162 24 97 49 251 289 147 31 279 66 297 154 188 145
246 280 251 292 110 86 121 40 261 284 204 219 256 45 295 35 284 87 248 8
247 184 296 258 224 195 289 254 260 37 107 199 233 87 149 276 248 234 149 287
248 194 132 243 165 87 287 159 173 270 298 121 277 181 168 287 156 62 27 109
249 21 63 215 219 47 53 120 22 1 53 170 287 299 54 281 163 140 267 73
250 65 237 70 237 265 2 104 3 209 218 29 17 238 143 284 209 189 36 28
251 211 88 132 132 127 130 185 107 44 25 74 169 141 62 290 77 26 44 232
252 29 252 149 109 269 139 252 4 99 192 91 178 102 179 9 234 57 191 170
253 163 286 246 288 154 86 49 144 214 127 187 198 207 138 46 15 158 236 18
254 213 34 210 4 263 63 234 272 48 290 214 218 204 199 163 192 53 249 240
255 248 214 118 134 111 24 23 209 91 233 144 160 145 230 69 200 192 184 185
256 215 231 174 128 148 78 27 11 21 131 11 12 78 224 130 211 87 205 285
257 295 47 269 190 207 166 119 27 65 63 210 2 277 193 175 105 40 4 183
258 102 24 13 164 88 90 140 217 52 226 173 88 272 220 57 161 178 222 32
259 204 38 94 166 39 70 58 266 226 149 269 108 3 45 172 166 132 13 5
260 100 116 282 272 204 253 243 260 114 172 233 145 76 270 290 293 61 59 102
261 26 37 250 46 196 252 142 68 118 273 132 174 124 248 156 148 151 108 90
262 162 273 262 146 169 89 115 158 133 175 269 234 252 5 235 298 200 187 139
263 19 56 164 151 281 287 150 136 186 52 296 28 213 20 289 58 189 129 224
264 98 13 151 66 246 102 122 180 151 74 118 290 92 225 205 294 258 243 143
265 93 129 246 140 156 210 212 196 19 152 24 243 249 36 145 67 33 298 188
266 264 149 261 134 190 105 110 94 98 67 36 293 212 216 238 51 71 200 14
267 266 218 165 41 160 114 128 56 180 160 54 67 176 254 80 61 143 184 170
268 288 33 237 75 77 148 291 67 250 113 266 264 79 183 128 119 95 241 299
269 150 172 158 255 291 85 208 70 145 102 5 15 141 37 3 268 114 150 10
270 180 99 122 145 114 200 79 242 71 173 234 69 75 106 278 29 148 63 289
271 269 259 142 273 25 283 61 27 250 174 176 259 105 27 132 1 140 32 132
272 133 154 4 67 222 78 224 251 159 123 13 147 91 24 288 63 48 22 175
273 75 23 49 2 33 205 28 165 258 220 248 89 52 101 144 170 74 222 145
274 24 132 19 37 30 109 112 69 223 159 91 98 285 165 198 287 198 154 66
275 114 111 285 61 199 89 161 95 10 234 68 207 9 199 225 97 228 86 208
276 48 8 67 138 157 103 55 54 89 4 208 155 117 70 191 177 21 31 89
277 115 41 74 182 299 82 80 223 179 59 8 138 106 68 256 296 224 59 50
278 278 147 53 237 53 169 6 244 97 26 274 237 140 66 62 21 64 195 152
279 39 73 210 98 263 16 165 218 11 89 276 112 118 123 164 54 227 84 59
280 222 232 85 196 220 276 13 281 297 129 175 148 167 300 110 264 262 125 129
281 179 187 269 155 298 86 29 213 139 255 48 249 177 31 85 124 250 61 188
282 230 109 16 104 8 234 103 117 198 116 293 78 295 179 98 201 228 183 229
283 192 73 235 239 73 111 21 158 286 270 270 174 199 130 241 55 137 175 209
284 6 124 25 298 201 71 229 50 271 208 232 199 100 56 133 90 128 296 111
285 37 281 132 58 206 31 187 147 137 76 73 45 133 196 121 182 148 191 162
286 197 161 70 180 111 221 235 244 62 114 291 172 151 23 4 260 281 86 199
287 127 222 26 199 18 158 146 139 91 293 29 253 189 242 22 120 52 242 54
288 47 3 219 37 227 121 112 282 81 92 119 279 218 92 56 168 109 213 65
289 299 3 57 28 7 297 21 28 116 72 21 221 119 76 139 207 54 260 18
290 87 40 109 205 70 78 296 125 297 156 89 61 155 143 169 234 150 165 254
291 229 32 25 250 252 195 77 143 102 130 102 119 216 193 280 172 14 57 167
292 138 106 74 278 166 228 120 35 161 21 251 166 250 283 191 251 286 85 27
293 128 238 208 281 109 123 173 88 46 186 196 264 75 53 37 52 219 265 224
294 5 177 244 255 43 245 237 285 195 275 121 221 102 59 128 83 219 2 7
295 58 99 245 5 62 19 58 99 123 276 115 98 32 291 93 286 85 38 275
296 69 232 249 190 205 102 300 84 236 218 138 243 275 236 187 31 298 257 88
297 148 79 115 262 176 146 4 21 132 89 58 106 157 289 106 98 245 207 149
298 29 143 66 166 137 92 101 23 123 150 279 210 297 110 25 258 37 222 262
299 57 53 102 114 210 10 155 67 108 99 274 256 179 168 74 44 4 165 197
300 78 39 46 56 1 95 165 77 52 254 298 65 10 51 166 124 12 176 30
301 79 35 128 104 42 59 23 115 102 26 32 50 155 122 148 210 122 242 127
302 198 45 80 248 110 141 298 27 264 61 202 293 191 288 173 294 30 231 16
303 196 84 93 227 186 247 101 33 209 222 26 87 172 70 218 119 179 58 168
304 206 22 228 159 66 119 199 290 164 228 272 180 123 108 24 102 293 271 254
305 77 179 175 102 265 98 171 182 216 102 291 135 59 64 115 269 130 285 167
306 171 148 94 143 79 269 250 103 122 242 73 75 18 3 1 171 19 99 41
307 252 66 194 242 201 252 6 15 221 187 299 87 57 198 233 251 277 253 200
308 131 74 193 255 200 262 257 200 132 27 50 225 30 168 118 271 68 70 28
309 134 42 214 184 180 23 133 112 273 109 116 173 291 189 117 245 140 79 253
310 92 210 279 141 134 8 60 4 31 179 73 58 12 166 24 247 45 98 80
311 209 70 240 24 294 231 265 111 175 104 189 180 195 150 158 88 36 218 147
312 39 248 26 163 57 89 28 80 88 72 177 219 32 299 158 56 292 140 20
313 154 67 175 42 246 122 244 155 209 279 72 107 17 71 184 179 128 273 258
314 259 112 81 188 30 113 186 239 220 229 131 291 83 197 165 176 194 286 171
315 100 246 149 172 53 217 294 288 147 121 12 104 132 123 185 71 152 297 8
316 143 216 236 273 258 70 221 122 298 166 160 168 265 157 69 136 261 285 182
317 249 132 54 260 235 185 83 119 255 286 167 14 180 134 250 152 91 71 124
318 265 68 289 124 288 254 280 56 141 293 40 22 241 223 76 200 158 12 34
319 28 19 20 247 32 199 80 281 103 223 104 226 187 223 215 62 210 168 93
320 265 8 85 57 82 25 279 157 277 188 168 10 216 186 81 162 270 32 293
321 250 134 215 105 111 101 28 25 162 237 244 255 254 4 91 10 85 116 288
322 241 92 176 160 153 143 98 234 4 67 265 48 68 98 263 173 208 63 200
323 285 277 188 228 283 141 231 73 150 67 240 190 7 83 117 219 236 259 68
324 169 14 134 133 61 201 282 23 125 241 138 76 225 114 264 205 148 156 135
325 220 58 254 212 247 260 294 63 230 229 73 297 97 138 182 281 198 83 262
326 273 259 203 162 87 127 27 50 31 174 257 218 145 14 171 56 12 182 50
327 126 164 278 198 160 127 35 42 107 285 176 121 9 186 23 222 272 201 248
328 73 284 121 30 253 17 95 175 73 107 108 122 232 271 151 130 183 277 216
329 276 136 252 203 256 12 88 30 233 112 230 180 184 265 52 265 217 69 60
330 91 141 218 251 14 149 221 164 30 155 193 298 130 28 249 84 283 13 224
331 64 245 35 293 125 270 258 228 287 226 296 46 69 188 15 19 201 163 291
332 117 245 146 9 242 27 88 242 163 122 254 86 185 199 172 177 75 141 186
333 2 127 112 50 224 232 237 238 250 138 153 292 254 97 189 14 90 268 101
334 31 130 222 37 215 106 287 138 34 61 278 220 114 157 83 163 132 14 100
335 70 15 289 274 58 294 122 247 7 211 214 159 293 43 80 29 9 185 15
336 198 218 127 175 189 293 83 23 155 215 36 6 36 102 46 9 160 91 182
337 106 97 92 71 7 136 165 86 165 225 22 231 122 292 110 296 180 102 131
338 203 8 45 290 66 132 144 163 192 55 254 73 160 102 216 282 109 51 146
339 194 267 70 268 198 191 259 59 238 190 212 68 144 271 164 134 36 47 29
340 251 238 83 204 10 294 5 225 275 165 276 120 111 242 241 78 191 131 36
341 1 120 225 212 240 69 183 103 254 270 150 34 220 139 116 175 149 109 232
342 125 135 96 100 6 206 94 246 283 36 128 70 37 247 295 300 186 115 234
343 41 120 204 242 153 175 80 20 50 280 128 33 105 14 128 256 19 34 101
344 264 68 137 91 138 225 89 184 224 27 298 210 67 117 165 60 21 39 191
345 40 140 171 219 172 27 232 52 282 250 137 83 265 204 271 107 41 195 247
346 224 170 273 273 79 39 141 243 150 161 34 41 200 225 211 118 149 237 49
347 200 270 50 36 104 66 291 74 224 32 20 171 7 242 143 32 72 234 172
348 15 83 33 100 123 232 24 85 102 224 73 150 123 95 252 210 198 17 201
349 24 241 284 95 163 290 36 5 73 108 290 245 174 73 277 25 247 260 48
350 84 61 24 156 211 146 250 214 108 200 282 8 275 274 43 69 136 84 157
351 193 157 16 182 101 189 6 77 213 253 36 12 36 97 35 243 59 233 245
352 24 92 144 5 151 170 31 193 238 166 276 146 58 132 161 292 232 49 297
353 60 13 249 148 77 36 296 163 279 106 147 275 129 238 170 185 88 39 215
354 32 276 133 8 122 242 191 34 233 123 135 282 234 147 230 81 275 18 76
355 138 48 233 36 22 61 274 191 298 113 281 264 145 256 96 204 129 90 94
356 215 22 268 49 3 202 195 285 282 222 54 110 59 101 42 94 174 155 119
357 116 204 284 96 167 128 103 15 31 284 104 176 198 125 144 246 180 45 192
358 216 78 113 269 239 223 121 33 69 294 239 239 161 142 222 256 60 49 110
359 74 131 93 177 59 42 54 202 287 285 246 231 200 75 95 220 14 18 40
360 46 138 85 284 76 297 177 298 252 236 98 113 10 281 206 186 39 247 291
361 292 286 275 237 216 226 63 10 145 76 79 236 173 268 72 156 44 68 84
362 93 71 20 190 184 29 222 89 266 260 87 257 3 72 283 291 39 209 54
363 49 53 129 179 289 54 147 112 209 242 180 45 34 250 64 275 133 144 197
364 273 109 208 60 117 211 131 100 201 222 60 254 270 164 135 200 152 188 98
365 16 148 39 195 192 124 144 7 99 29 150 295 1 259 254 112 127 164 295
366 278 117 216 37 70 237 201 256 188 104 195 286 119 95 76 65 286 200 261
367 45 298 289 194 44 41 204 297 153 31 161 199 60 277 114 149 98 102 49
368 106 289 204 300 274 75 146 50 139 184 249 99 228 298 139 121 41 232 25
369 37 136 107 249 34 166 277 199 66 127 300 114 284 288 70 35 262 196 181
370 63 34 64 63 185 291 60 75 163 152 6 187 240 141 45 241 174 263 217
371 72 28 95 123 194 78 111 263 113 124 210 293 186 295 56 300 231 98 111
372 6 260 262 11 199 253 204 243 193 77 257 110 201 285 256 23 178 34 133
373 192 198 8 101 190 245 95 297 244 26 146 54 83 105 67 93 55 20 296
374 50 212 125 6 73 77 290 81 99 219 114 284 110 63 43 262 252 288 109
375 300 231 186 197 37 20 53 103 112 108 122 160 157 86 36 214 210 112 204
376 290 262 174 155 297 36 217 40 297 220 27 157 271 9 94 167 45 113 220
377 148 277 79 21 188 287 158 275 200 120 138 155 109 99 29 264 148 64 232
378 187 112 152 265 21 122 273 114 41 70 227 260 217 255 90 289 142 76 199
379 116 275 18 253 130 126 103 158 141 250 221 125 188 84 276 204 104 149 177
380 218 189 298 196 200 214 150 289 254 43 64 152 158 39 221 162 220 99 264
381 77 291 266 49 115 205 132 142 109 288 291 37 205 231 34 152 183 299 1
382 171 252 95 287 156 4 77 128 165 296 226 180 124 217 197 172 31 102 55
383 173 210 42 215 298 298 145 31 149 27 29 201 250 32 295 236 239 298 64
384 119 214 59 44 146 182 12 42 105 43 143 211 267 104 5 181 153 2 77
385 183 203 156 263 155 157 47 202 144 37 251 207 155 165 17 251 10 250 262
386 103 54 4 246 16 22 101 20 254 6 74 31 240 28 238 203 182 94 1
387 83 237 37 86 143 244 250 159 194 11 160 155 113 213 211 110 280 232 263
388 300 238 268 125 20 207 152 257 161 85 102 161 220 38 250 5 232 245 6
389 142 138 16 1 44 128 265 254 290 296 238 252 47 175 219 171 246 177 74
390 254 38 159 55 250 130 144 199 134 127 143 139 268 32 206 20 76 85 36
391 81 74 31 70 25 78 296 295 300 241 172 74 194 261 284 248 210 113 143
392 161 298 269 3 136 288 87 93 59 162 177 94 294 251 177 64 27 6 59
393 74 5 300 297 130 245 257 165 245 218 277 87 78 274 56 133 161 95 219
394 253 154 132 182 247 125 184 175 240 262 180 299 35 237 50 83 118 46 91
395 283 290 9 11 77 86 37 184 218 249 278 188 254 183 19 135 182 196 18
396 56 135 31 288 185 66 276 286 200 93 32 291 127 73 299 190 201 136 226
397 84 106 174 114 293 127 296 64 13 177 259 82 285 145 113 272 82 230 299
398 119 181 143 202 171 270 275 221 159 175 57 136 11 214 61 176 206 240 223
399 21 252 152 31 86 136 228 250 159 9 179 157 179 59 299 81 282 20 107
400 202 230 281 10 65 43 223 126 270 181 117 193 253 68 44 284 205 231 211
401 154 89 271 84 245 201 195 243 281 176 15 87 129 244 120 191 9 214 165
402 186 184 97 2 128 50 121 223 85 78 153 47 231 241 69 67 185 269 261
403 179 250 136 193 88 16 189 259 206 249 173 71 134 108 167 187 235 268 59
404 157 52 136 9 98 119 1 166 185 237 135 145 115 136 32 60 223 47 300
405 182 5 248 106 75 133 213 293 19 147 261 77 55 12 265 115 162 83 115
406 27 267 51 213 163 217 48 194 28 23 292 27 256 296 274 61 122 106 25
407 167 176 223 127 5 277 190 269 143 103 103 257 130 69 59 94 283 275 142
408 176 3 216 219 81 223 267 107 283 88 212 59 6 140 281 132 144 9 74
409 164 151 176 266 107 57 86 165 151 68 191 44 243 193 259 161 26 233 127
410 132 267 267 95 25 272 234 5 156 77 13 281 240 215 208 205 21 265 290
411 237 167 57 127 210 51 72 220 264 97 152 142 280 118 160 74 142 184 8
412 198 39 136 262 71 76 176 278 32 248 242 74 184 108 182 10 69 233 133
413 288 248 281 191 141 260 8 1 34 201 184 93 150 274 228 111 44 55 286
414 21 87 233 15 212 168 122 93 230 243 77 62 282 76 43 173 217 54 232
415 217 139 185 152 231 34 125 159 145 168 213 182 240 51 167 254 262 86 128
416 107 15 70 183 129 51 11 223 275 227 276 207 195 115 91 46 45 176 170
417 255 72 89 220 6 28 270 224 282 284 9 109 142 76 230 76 204 280 86
418 126 7 12 153 213 206 19 55 3 116 230 224 70 54 64 41 59 92 63
419 282 125 46 42 285 239 117 214 14 20 245 100 197 251 163 50 215 121 120
420 21 123 235 3 99 57 56 162 97 114 253 159 147 129 256 188 113 194 5
421 78 208 76 23 7 273 25 221 74 240 41 193 12 164 128 14 262 184 69
422 123 32 234 128 191 132 8 146 20 121 40 76 198 299 151 272 57 123 297
423 277 196 288 18 141 299 233 268 65 246 203 185 120 234 119 299 176 250 7
424 22 21 127 113 96 76 163 247 48 219 121 96 247 69 135 16 209 185 248
425 228 249 245 182 134 65 115 4 63 43 5 69 64 26 247 228 121 23 142
426 119 122 60 240 269 58 8 103 74 268 287 73 195 288 18 76 121 82 242
427 176 196 284 180 265 99 205 263 78 78 37 219 248 158 30 239 126 88 246
428 280 213 213 267 285 159 6 2 234 178 135 176 53 31 211 232 47 10 189
429 61 87 18 98 6 265 255 35 204 133 174 201 112 86 166 130 71 24 135
430 124 10 64 11 185 116 93 147 100 139 156 40 251 243 57 48 300 73 55
431 86 28 187 260 281 50 97 146 180 219 221 66 43 230 182 53 166 49 145
432 13 148 35 220 239 285 162 47 85 213 120 139 51 199 77 10 179 126 158
433 76 57 77 297 175 119 278 56 223 144 156 119 208 4 205 127 294 241 41
434 41 25 253 212 215 55 162 291 64 41 169 274 168 277 50 216 203 220 194
435 10 142 89 166 12 296 221 216 174 214 156 214 254 233 219 217 147 273 79
436 190 89 171 110 62 38 86 163 254 289 82 199 298 275 287 163 286 34 83
437 253 259 49 108 173 2 92 143 271 239 167 49 180 7 219 289 120 256 126
438 282 261 114 115 159 164 89 197 78 126 282 213 78 241 261 238 165 14 29
439 59 284 19 225 32 198 284 2 186 103 10 12 85 270 177 251 181 92 40
440 77 170 165 111 134 243 51 94 232 215 159 260 273 195 279 249 278 176 232
441 280 114 87 289 177 223 10 105 173 242 197 212 71 118 129 181 251 123 231
442 96 54 197 254 13 221 148 43 221 178 219 205 157 84 291 197 260 213 258
443 64 137 200 12 49 270 129 229 150 79 51 132 226 156 80 232 220 300 131
444 263 272 8 233 176 164 16 166 112 27 130 70 142 267 269 154 67 290 34
445 47 139 165 149 22 90 4 101 21 223 100 152 237 71 159 169 299 75 236
446 164 186 14 46 7 208 64 27 113 130 16 146 228 206 10 76 227 152 79
447 27 172 53 126 75 290 249 286 210 247 60 198 162 297 211 259 56 118 22
448 82 230 203 98 128 130 3 189 205 230 40 35 256 264 88 134 38 129 134
449 23 38 132 82 287 293 131 198 252 186 67 25 267 49 228 116 176 57 171
450 64 262 152 156 48 107 119 135 292 156 263 177 179 53 8 12 39 1 194
451 288 4 79 55 28 98 155 255 213 30 64 135 145 77 286 300 124 145 118
452 11 136 274 25 65 204 129 72 267 168 124 161 207 127 291 13 207 88 167
453 213 53 248 276 187 93 104 173 144 280 69 262 290 256 287 14 20 242 143
454 92 260 62 215 120 268 94 111 33 52 250 199 264 2 199 292 241 43 95
455 165 186 74 233 199 115 188 237 129 208 230 23 299 190 84 265 61 103 58
456 171 187 109 173 138 125 226 36 168 166 78 14 30 15 140 14 214 254 202
457 202 134 161 132 156 211 73 291 175 133 146 285 56 32 145 228 169 21 153
458 204 188 71 33 202 152 48 41 166 13 294 119 266 128 31 97 35 241 221
459 26 167 54 171 203 109 202 48 88 123 120 240 78 8 62 111 261 214 210
460 1 131 274 46 249 239 225 279 88 260 271 8 285 137 61 207 40 221 160
461 139 8 282 258 300 112 17 61 274 277 26 235 29 156 208 75 156 198 299
462 186 37 10 156 45 46 45 157 252 136 78 164 274 137 145 283 188 8 52
463 1 281 28 26 215 109 234 174 235 89 72 285 27 108 295 234 204 40 278
464 61 44 113 190 207 138 78 103 121 266 111 172 266 143 251 43 58 111 276
465 283 45 117 54 30 143 214 76 76 117 115 106 229 210 270 170 116 108 300
466 219 280 265 81 203 282 223 153 24 32 16 52 15 60 168 120 141 62 85
467 216 189 254 83 46 234 292 16 104 108 123 103 78 102 119 210 4 152 184
468 208 227 216 275 278 282 35 197 153 227 258 238 143 199 191 225 244 124 216
469 259 279 75 133 133 204 234 3 113 289 154 297 249 81 264 223 110 297 9
470 7 149 236 16 86 130 214 28 54 210 152 21 168 182 148 1 15 51 286
471 69 216 27 223 264 27 55 279 249 216 275 10 222 123 245 290 209 126 255
472 236 179 164 139 251 84 73 98 136 87 201 173 155 168 199 129 131 225 183
473 109 226 99 83 235 72 257 231 113 165 56 68 153 286 283 43 288 66 115
474 138 253 253 38 126 160 257 24 288 87 1 223 247 278 73 81 264 196 37
475 246 9 254 53 128 106 38 110 200 25 228 15 214 232 267 251 57 126 207
476 133 166 45 133 88 43 162 212 175 125 107 212 70 167 217 122 46 22 159
477 208 273 235 135 287 201 118 6 151 175 183 110 59 48 206 243 187 1 104
478 150 175 228 9 138 297 175 54 118 221 127 28 128 100 14 14 86 214 131
479 143 117 57 26 278 115 125 183 57 64 235 160 213 110 139 221 247 135 148
480 1 4 68 127 31 247 226 97 260 64 62 142 258 178 251 283 155 117 160
481 90 174 223 24 85 187 133 276 108 132 110 255 132 166 74 258 196 20 236
482 44 31 51 106 224 8 283 174 291 190 291 202 279 216 176 54 52 62 239
483 27 169 70 137 175 201 54 248 210 249 19 197 45 49 247 150 273 255 184
484 198 297 73 188 198 103 155 73 209 207 134 147 233 55 268 121 281 220 174
485 281 129 175 299 78 219 100 24 120 124 30 3 21 26 128 261 223 282 115
486 47 190 21 233 88 6 39 55 126 19 274 52 51 155 226 102 232 196 201
487 7 15 76 37 17 148 62 196 108 37 178 275 135 119 47 67 207 104 157
488 261 282 176 235 33 278 141 10 79 72 205 279 78 219 106 166 287 254 228
489 235 113 16 112 139 150 230 186 217 136 289 73 149 22 300 135 54 30 275
490 63 108 98 267 139 227 237 244 93 276 197 20 210 62 35 21 200 184 2
491 137 152 190 178 277 90 199 28 224 253 57 250 67 165 47 34 55 273 22
492 298 65 297 247 136 206 60 222 278 259 106 32 96 9 273 25 37 62 223
493 65 37 227 173 286 294 89 32 79 143 56 100 193 121 149 191 8 106 250
494 230 84 208 35 167 55 95 139 131 132 252 54 248 288 280 120 273 273 209
495 56 51 103 111 203 295 283 51 185 291 156 134 220 291 94 6 209 200 100
496 99 31 283 50 136 230 89 115 102 61 140 10 168 242 164 279 196 159 13
497 246 95 3 154 281 222 144 126 279 53 25 131 151 107 113 253 242 95 41
498 109 196 154 300 257 21 241 120 51 189 30 64 134 125 118 287 105 92 183
499 282 70 287 58 200 189 165 65 141 158 159 234 18 106 87 17 62 159 10
500 181 210 198 211 25 83 87 142 122 243 233 4 224 55 290 281 6 230 197
501 70 71 107 280 4 124 85 142 193 198 300 202 131 261 151 41 285 233 179
502 179 54 121 163 109 44 217 150 76 275 80 273 96 150 79 76 205 254 212
503 98 146 162 97 99 292 110 249 84 94 234 262 272 39 82 187 148 177 103
504 49 252 129 128 276 225 29 106 52 285 60 263 82 205 124 231 4 167 40
505 4 250 133 289 211 157 28 44 43 227 272 197 275 276 26 155 251 2 183
506 109 53 168 168 15 1 124 191 231 179 109 270 235 59 155 223 21 11 2
507 65 105 228 88 53 255 63 130 109 66 131 43 174 183 262 93 250 263 268
508 192 193 147 300 163 81 110 17 3 131 79 5 247 235 284 34 39 290 149
509 169 150 214 51 193 139 286 206 283 287 168 250 230 113 96 281 27 228 91
510 95 283 273 225 39 219 159 22 4 197 64 152 117 213 117 168 157 7 153
511 63 289 191 282 239 120 94 86 100 172 14 190 266 296 162 190 34 132 48
512 107 188 297 170 39 113 135 208 280 291 214 184 53 203 74 87 193 245 180
513 278 45 52 43 286 69 38 200 259 123 31 58 282 218 54 203 9 219 37
514 268 250 28 181 186 132 135 259 218 27 256 150 5 300 253 47 285 73 137
515 236 31 11 19 141 44 288 246 247 296 164 35 15 166 114 196 51 298 30
516 61 267 109 16 116 165 15 120 263 52 193 151 287 275 162 57 167 257 45
517 113 255 92 28 290 107 193 155 2 243 152 83 4 119 243 19 286 107 86
518 158 70 189 102 220 227 76 133 284 243 90 28 107 44 119 134 85 277 27
519 240 30 21 143 165 76 261 107 147 299 214 232 156 283 120 257 254 46 84
520 87 81 78 228 108 184 23 279 70 108 7 148 99 37 168 241 201 296 254
521 59 142 252 272 73 107 6 244 115 260 41 198 98 122 28 25 281 263 47
522 11 32 206 18 231 4 106 151 297 6 146 250 64 287 201 88 111 59 145
523 54 173 104 146 122 253 19 149 277 300 164 76 62 195 281 79 126 37 184
524 276 33 241 173 282 57 159 234 196 269 292 40 74 164 196 219 285 148 238
525 186 177 289 49 4 50 295 36 181 172 72 116 199 156 57 71 137 165 229
526 70 60 249 61 99 22 276 46 293 13 194 282 250 122 270 50 125 71 44
527 160 251 268 284 67 166 139 175 237 276 39 217 97 150 218 210 300 239 237
528 46 231 249 291 212 198 112 233 247 288 4 43 199 6 10 182 124 227 21
529 298 163 48 88 132 196 237 49 105 237 39 42 34 22 42 24 285 292 187
530 218 290 226 273 84 124 278 93 6 102 20 26 151 234 73 239 117 20 227
531 217 125 215 256 218 248 277 11 23 261 2 261 230 44 186 202 127 10 232
532 272 15 85 43 92 287 28 216 225 145 235 152 61 59 66 68 28 66 96
533 39 88 57 92 49 38 187 234 240 66 295 223 37 9 59 131 100 45 158
534 15 270 54 2 173 167 60 290 234 140 55 30 230 195 138 73 243 175 12
535 228 166 77 223 140 165 283 198 295 83 295 204 149 264 258 150 188 176 262
536 177 109 153 284 190 134 178 79 206 172 254 217 99 171 45 73 11 209 56
537 260 255 190 254 159 90 269 168 292 208 43 5 85 203 157 120 145 290 297
538 223 247 168 228 164 18 99 208 143 161 169 198 172 123 139 126 33 280 146
539 252 271 54 294 27 190 249 183 9 93 224 57 15 223 276 243 86 293 41
540 45 135 253 265 84 124 140 274 1 172 254 199 124 276 4 169 3 193 117
541 237 253 209 213 61 224 135 36 218 272 80 10 68 215 262 33 50 137 172
542 24 190 95 29 88 218 4 143 139 58 87 255 295 39 216 207 151 191 41
543 186 108 12 265 117 79 231 130 163 33 18 34 56 207 129 136 46 98 191
544 188 288 249 274 295 243 64 210 201 214 100 241 151 259 4 116 127 134 98
545 256 297 130 25 30 237 232 210 72 29 60 263 269 47 263 294 41 205 110
546 2 157 23 153 149 174 111 152 41 237 285 138 244 33 20 21 115 256 4
547 24 28 32 135 42 52 234 4 46 274 260 155 28 168 229 180 16 154 291
548 167 194 279 203 84 275 236 103 295 50 110 50 125 189 81 260 230 133 193
549 285 230 218 296 84 245 163 12 177 178 218 219 96 111 249 299 246 223 286
550 100 269 87 210 18 211 98 151 222 80 35 166 64 264 136 112 99 132 274
551 162 8 204 79 226 299 242 175 49 239 149 86 39 170 172 300 239 135 97
552 141 108 228 175 26 44 190 213 155 40 44 180 202 104 83 32 81 134 25
553 7 234 264 156 20 54 77 243 53 15 129 201 208 237 129 82 14 172 24
554 226 78 63 21 257 16 124 92 48 205 225 124 211 158 87 118 229 140 194
555 172 244 261 300 145 168 288 25 1 53 248 24 278 25 139 51 33 154 174
556 124 253 130 100 77 93 10 215 210 238 107 156 161 50 168 213 246 87 252
557 22 139 5 269 215 34 45 53 136 78 258 10 253 211 191 53 39 283 114
558 253 245 103 59 100 16 161 19 228 158 157 231 180 295 287 148 209 73 193
559 261 208 270 271 269 274 181 160 26 271 142 191 275 86 294 86 237 9 246
560 7 288 103 163 270 282 210 257 182 118 29 126 131 288 95 101 257 68 33
561 116 146 55 9 88 29 147 81 114 135 141 111 142 180 266 56 150 299 265
562 106 180 83 186 5 265 225 151 65 181 271 149 48 168 203 57 255 231 255
563 88 97 89 228 207 230 160 172 38 9 171 2 166 50 136 51 107 100 275
564 257 216 208 279 64 255 146 18 63 153 1 17 240 97 106 219 3 87 78
565 227 176 86 97 178 3 198 65 105 56 165 132 65 132 39 43 248 45 241
566 265 108 93 265 176 32 113 33 2 116 172 80 94 47 217 190 276 220 139
567 41 24 195 257 155 259 88 245 1 87 290 293 52 149 85 68 24 168 181
568 57 170 48 280 1 141 26 269 82 2 240 220 94 264 114 50 170 124 189
569 167 177 276 156 169 79 56 254 146 79 173 78 187 42 125 218 94 17 244
570 63 98 297 2 18 142 17 183 191 239 59 131 105 235 158 12 103 236 119
571 108 134 197 281 211 136 74 36 53 220 52 48 282 202 96 35 271 237 52
572 205 127 42 263 10 146 197 167 209 52 103 27 211 236 275 243 198 162 69
573 233 267 288 37 14 21 290 110 55 260 46 106 216 225 147 179 286 44 127
574 152 4 230 6 30 141 293 57 135 191 218 203 175 236 190 263 250 262 252
575 111 17 263 208 174 179 132 73 109 169 116 235 21 172 217 78 201 57 71
576 9 243 13 279 146 239 214 87 202 215 49 205 25 117 220 233 290 150 116
577 62 258 285 230 192 57 101 160 134 53 268 256 62 211 20 92 108 259 5
578 194 160 220 294 116 296 110 35 280 152 184 96 213 193 132 142 137 188 294
579 296 73 47 264 81 160 174 100 251 281 58 255 226 269 226 272 85 222 81
580 171 201 284 107 48 197 299 231 90 135 170 84 131 243 130 94 23 289 267
581 122 291 299 232 297 224 200 223 195 284 196 28 155 148 11 13 196 259 11
582 126 49 146 296 184 28 290 13 121 64 53 139 185 95 189 116 91 164 16
583 13 111 51 208 138 257 56 200 269 3 211 32 180 11 177 175 194 256 216
584 258 76 279 62 266 216 156 154 83 246 17 150 11 127 201 218 16 209 25
585 268 230 79 178 261 259 188 189 185 133 144 101 90 219 131 151 236 46 6
586 89 129 3 157 278 13 284 230 283 51 139 7 18 68 86 247 28 96 134
587 216 280 18 111 132 107 81 263 9 16 8 66 104 188 69 12 166 81 295
588 95 63 98 285 122 115 52 259 62 131 106 247 98 85 265 208 217 123 288
589 231 132 3 238 197 158 126 265 170 43 98 216 189 212 13 174 85 180 277
590 95 293 108 200 239 257 285 255 165 253 78 204 183 261 259 172 157 168 49
591 174 89 143 271 57 32 234 121 205 19 300 233 113 292 40 13 283 49 49
592 237 265 53 66 168 287 26 178 210 183 46 259 56 186 153 78 242 184 11
593 63 140 81 62 73 194 106 164 258 88 212 6 24 176 110 142 96 96 167
594 273 5 101 70 15 156 256 168 285 197 51 48 11 243 128 73 15 21 230
595 230 30 17 142 35 92 69 196 233 164 291 152 189 296 252 258 62 160 213
596 229 144 110 32 191 172 274 19 244 40 91 225 269 121 241 162 207 85 283
597 103 17 146 145 220 34 192 172 292 254 31 256 182 226 117 213 169 289 238
598 239 284 277 29 209 298 201 201 211 108 285 193 262 54 39 106 273 124 298
599 144 167 251 226 175 184 152 291 149 20 279 86 258 263 115 38 223 112 239
600 123 22 98 160 267 111 213 57 216 237 180 265 81 99 267 58 273 151 209
601 263 51 280 294 136 289 8 2 79 282 165 69 104 239 166 15 205 28 227
602 261 295 164 192 260 296 290 278 53 14 180 14 29 230 45 74 66 34 81
603 119 112 62 284 232 217 222 149 284 126 176 210 86 170 125 29 181 172 71
604 159 277 84 38 42 164 268 86 237 85 171 69 203 34 182 186 265 99 159
605 113 82 284 288 43 121 158 220 150 90 143 220 248 119 3 38 212 219 57
606 298 155 141 168 224 95 202 105 33 166 255 191 279 88 227 18 183 47 227
607 102 196 17 296 115 16 167 170 53 78 140 109 75 294 1 295 269 96 196
608 126 180 113 80 122 143 220 48 161 102 95 87 255 42 155 250 209 171 116
609 78 275 194 217 84 20 262 136 14 231 283 261 56 162 126 187 284 268 106
610 83 128 259 177 267 213 219 121 163 127 43 30 256 18 275 224 153 295 237
611 288 60 219 23 73 26 236 198 213 271 165 70 54 45 29 230 63 293 200
612 235 155 78 278 237 85 47 211 60 199 257 297 238 69 267 260 141 293 196
613 90 205 166 6 26 219 102 106 201 164 99 152 99 5 282 128 241 118 174
614 204 178 72 160 226 61 280 192 21 172 236 268 261 192 133 19 218 104 120
615 23 56 36 121 259 186 126 292 13 118 110 186 21 39 9 233 16 69 212
616 259 141 84 195 108 96 86 293 166 55 148 286 130 255 21 2 265 258 179
617 257 270 297 118 207 17 208 267 1 275 87 213 233 228 48 179 87 195 17
618 131 61 71 278 98 200 284 170 202 249 127 80 257 96 128 74 54 197 33
619 20 197 7 106 161 291 85 260 170 172 207 186 2 267 8 32 116 208 15
620 285 161 15 163 292 271 258 120 96 63 16 180 82 212 186 239 125 177 24
621 84 98 195 290 283 248 8 290 279 123 249 46 159 109 112 21 153 135 30
622 272 282 92 287 162 225 250 47 164 74 275 239 210 72 185 199 106 132 259
623 96 163 81 96 260 292 257 71 12 109 257 42 80 239 185 118 100 110 119
624 198 25 193 225 15 154 296 199 52 154 82 10 1 296 143 96 255 134 52
625 78 197 160 34 290 291 24 175 160 123 36 279 73 112 223 297 126 76 44
626 76 179 197 157 241 197 153 83 45 159 268 96 236 216 8 22 206 50 97
627 132 210 220 219 188 44 30 162 40 207 237 135 282 115 84 138 55 280 42
628 189 24 201 208 172 188 176 231 261 133 280 58 264 241 29 234 180 72 263
629 41 163 221 29 49 202 144 132 91 250 164 185 191 239 137 150 110 76 25
630 92 37 157 124 146 172 116 174 105 296 297 119 88 211 91 117 259 44 260
631 143 135 261 6 71 151 244 207 53 106 282 77 249 70 286 72 215 157 188
632 140 14 235 188 184 22 98 275 138 109 18 149 251 204 110 256 274 12 251
633 232 64 56 214 193 5 35 178 128 250 86 15 141 99 249 29 283 23 178
634 9 160 286 26 9 236 230 170 243 255 181 194 187 297 1 152 189 5 186
635 66 133 187 203 199 28 2 200 108 36 222 285 44 133 23 121 193 258 50
636 62 253 57 295 146 243 291 198 146 231 203 31 48 87 270 250 37 49 251
637 288 156 38 209 192 133 94 214 254 286 224 3 48 176 59 94 73 53 136
638 270 198 66 224 281 113 62 250 62 151 298 65 138 205 154 99 96 287 192
639 10 240 177 233 294 276 160 105 121 232 157 256 253 107 21 229 139 185 290
640 88 299 140 137 63 278 93 216 76 240 254 19 249 193 195 233 187 223 144
641 43 43 127 251 299 80 57 71 8 195 8 49 34 6 189 222 68 218 66
642 35 293 6 289 11 6 233 257 291 171 231 134 213 274 261 164 24 92 272
643 146 99 219 153 147 4 158 87 226 277 4 291 64 48 296 104 110 2 36
644 119 292 259 49 177 171 74 137 86 97 228 110 243 78 28 147 277 31 5
645 115 8 33 119 51 96 218 98 251 80 151 287 198 142 297 246 71 219 20
646 207 5 168 187 166 162 16 245 9 44 27 65 159 35 97 277 137 245 246
647 234 195 25 85 233 222 278 229 220 48 148 291 7 204 210 245 69 72 260
648 13 80 56 39 196 214 125 292 242 261 236 187 195 131 212 31 115 185 8
649 44 156 56 191 146 114 94 56 58 214 179 69 278 10 124 16 205 89 193
650 196 30 153 184 217 99 66 180 129 180 116 137 223 272 244 165 117 57 10
651 224 166 223 102 234 200 111 110 268 15 198 160 263 280 64 146 196 163 263
652 127 43 142 242 231 117 213 174 281 82 282 43 57 147 265 159 133 217 21
653 294 184 88 191 95 102 222 158 299 117 72 261 295 115 154 289 97 270 253
654 271 3 34 4 45 143 151 61 1 35 277 73 28 212 212 270 6 13 192
655 216 11 60 39 271 55 153 125 95 250 146 47 272 200 133 275 296 275 177
656 109 27 211 85 99 290 49 63 260 106 75 151 21 86 262 60 108 68 264
657 284 162 265 182 209 288 81 41 263 129 15 139 237 41 102 73 191 91 121
658 5 50 279 80 252 299 217 214 110 76 33 126 60 195 90 293 103 130 125
659 195 92 253 261 282 189 53 135 262 243 226 134 248 27 112 79 31 163 295
660 296 24 122 28 149 181 222 291 225 76 120 50 270 263 2 230 244 243 282
661 131 204 277 108 89 276 134 253 106 216 115 152 263 138 273 291 39 206 264
662 29 130 92 148 179 61 162 181 43 105 123 76 287 78 104 94 218 131 280
663 170 288 195 284 139 158 174 164 200 212 69 215 240 250 6 139 129 119 300
664 61 213 156 235 288 143 64 144 236 281 26 215 151 14 162 186 204 71 59
665 67 270 22 187 184 261 137 242 151 265 60 202 77 272 58 11 11 252 74
666 206 239 54 232 154 256 297 67 142 200 137 252 19 158 274 205 93 286 41
667 34 189 57 145 90 133 116 147 195 179 150 268 84 89 74 67 294 81 63
668 60 274 15 248 226 33 157 251 289 249 288 30 35 228 138 179 18 23 47
669 216 217 225 66 237 60 154 10 127 199 142 189 10 116 203 257 93 287 113
670 95 276 113 82 57 147 10 194 78 79 268 124 294 185 100 111 121 159 16
671 182 285 214 23 174 223 138 128 231 282 167 95 76 194 208 210 250 106 271
672 195 183 49 163 6 94 99 157 205 219 16 220 152 300 186 174 225 108 64
673 105 91 97 271 185 173 164 92 82 165 250 104 59 132 152 273 190 245 71
674 46 201 289 61 121 192 113 58 118 37 217 181 193 7 29 163 192 201 78
675 35 34 242 284 137 53 168 40 25 57 285 96 154 185 136 267 57 28 79
676 114 145 167 31 77 60 89 105 222 280 58 52 67 91 45 102 280 97 269
677 19 122 77 55 269 283 292 104 249 48 183 27 214 27 245 296 155 4 84
678 12 278 116 69 29 234 211 73 35 190 222 56 261 43 184 15 63 166 6
679 166 114 106 101 192 19 179 137 66 34 140 149 45 117 16 113 197 249 23
680 22 36 265 243 143 225 285 26 239 99 192 297 16 5 102 116 249 120 295
681 85 237 28 276 85 124 93 153 236 41 101 10 62 188 26 4 30 250 40
682 56 241 138 299 237 154 55 38 269 3 209 15 87 145 42 115 281 165 259
683 133 152 299 286 214 61 225 239 116 255 241 156 62 233 45 60 169 198 114
684 258 219 117 218 233 255 114 27 69 94 243 27 279 147 78 16 112 138 240
685 102 5 194 42 160 7 274 257 66 194 206 180 151 124 48 120 109 2 233
686 187 123 79 181 201 57 27 278 72 138 167 63 292 172 257 33 83 15 59
687 39 81 252 245 260 155 120 59 274 280 112 259 166 234 37 47 135 93 125
688 112 216 15 31 278 6 202 286 90 284 1 148 75 133 152 71 144 58 190
689 202 83 170 13 41 87 299 77 185 133 221 62 296 188 76 26 218 133 279
690 255 222 15 7 122 89 139 25 159 282 82 100 235 164 21 248 257 108 246
691 85 44 130 6 105 177 245 180 203 214 12 181 169 286 247 175 107 35 66
692 183 245 99 264 45 34 179 65 33 135 172 278 220 216 159 277 20 35 221
693 252 289 187 15 222 55 300 168 281 158 203 98 40 147 197 55 191 230 234
694 8 262 68 231 291 39 146 201 15 218 235 288 221 224 174 235 145 280 287
695 12 12 144 266 110 236 165 6 290 55 287 223 114 300 43 45 42 81 190
696 242 96 159 176 135 79 151 8 66 295 39 52 59 50 195 24 159 182 188
697 216 172 295 202 146 108 201 188 152 294 21 94 235 168 4 111 2 135 13
698 61 200 8 99 251 66 148 197 141 59 79 29 274 2 75 228 147 234 180
699 87 86 174 107 231 160 274 286 270 27 120 35 87 19 42 185 21 159 84
700 270 299 194 48 79 220 101 205 199 299 139 78 85 276 3 243 206 163 268
701 243 184 294 63 218 80 133 11 16 206 169 152 175 220 45 274 50 264 74
702 255 162 72 93 292 209 120 46 151 77 208 119 19 92 112 133 61 244 266
703 72 259 171 240 110 97 211 155 70 261 170 143 267 84 266 111 127 174 230
704 172 25 6 132 195 24 223 58 209 283 1 174 106 260 96 46 121 244 8
705 27 13 268 249 155 286 84 120 96 210 46 25 133 70 82 264 16 158 186
706 73 66 221 74 291 26 85 138 123 205 81 131 284 93 150 232 299 136 15
707 170 231 224 215 8 108 284 89 72 299 298 9 124 63 281 197 53 59 281
708 190 181 237 22 63 220 114 265 203 112 100 217 282 82 192 248 141 300 232
709 282 71 282 279 131 105 42 112 53 146 170 85 88 102 74 109 165 45 275
710 181 248 138 280 164 171 113 108 119 254 107 102 287 229 135 265 59 292 58
711 170 44 256 91 181 43 193 254 203 57 298 229 237 245 67 268 161 237 132
712 268 107 137 126 208 123 106 95 140 164 86 197 86 129 152 176 9 246 68
713 14 149 176 12 77 164 256 195 183 168 184 67 135 290 203 12 198 78 117
714 292 217 33 129 113 170 257 17 97 18 262 165 31 110 92 94 239 8 102
715 185 242 269 68 8 156 58 263 167 7 40 36 50 8 120 178 120 289 186
716 188 85 255 150 1 38 11 93 131 1 152 232 186 93 253 253 101 108 10
717 63 26 16 154 113 117 161 232 294 32 220 180 220 5 134 69 57 223 131
718 149 54 132 52 37 17 145 289 21 297 148 31 59 174 98 264 38 215 124
719 270 260 155 241 139 74 245 25 194 2 247 77 202 52 208 6 89 276 150
720 77 296 198 277 26 256 202 176 219 239 90 94 208 101 300 149 292 126 145
721 68 19 198 66 95 152 118 54 209 206 29 58 34 25 255 10 102 262 263
722 277 232 202 118 77 161 219 76 61 262 201 206 29 220 155 94 66 58 211
723 172 266 168 200 75 254 276 81 15 78 42 278 106 25 179 276 101 91 246
724 177 152 207 77 109 235 48 263 28 166 73 291 37 38 158 288 165 163 264
725 245 178 41 39 207 198 115 137 173 216 227 118 144 78 76 272 186 10 72
726 201 90 237 273 80 25 62 289 12 278 152 275 223 81 67 13 39 265 127
727 175 137 94 153 7 237 231 134 261 168 144 32 120 285 20 144 64 44 258
728 104 55 235 7 30 209 139 96 221 177 112 100 103 1 193 256 59 182 238
729 192 142 105 35 173 225 71 192 68 134 287 25 238 41 12 296 122 220 135
730 270 193 11 81 292 114 81 184 121 191 65 58 83 258 162 169 182 138 240
731 73 206 125 59 282 114 152 293 110 273 265 244 294 157 6 75 148 171 207
732 83 291 98 200 48 232 157 262 100 39 99 39 163 56 216 274 90 29 125
733 134 138 149 98 133 143 254 139 269 153 9 175 236 300 24 135 99 255 291
734 60 107 29 211 197 192 266 112 165 107 141 41 241 278 189 38 111 83 292
735 1 51 196 9 226 131 60 1 265 159 8 8 270 114 88 180 10 31 198
736 122 195 4 14 287 244 291 228 282 153 10 25 153 61 220 214 38 103 273
737 38 119 183 97 126 205 210 214 84 220 244 33 93 191 37 106 177 32 148
738 104 13 53 114 89 257 226 61 170 263 215 195 52 33 129 149 159 33 58
739 124 169 29 67 201 173 9 289 30 238 21 178 41 85 230 206 174 238 183
740 286 108 145 200 54 197 284 182 97 142 267 206 17 135 235 136 87 159 144
741 76 189 81 96 66 174 232 47 131 157 284 14 142 143 210 93 196 158 77
742 78 254 270 96 160 287 230 146 122 68 4 265 143 192 98 290 257 23 222
743 55 153 78 91 218 272 233 128 64 129 285 192 258 291 162 105 150 200 34
744 295 21 153 298 37 296 242 186 37 250 208 10 5 113 88 95 30 111 79
745 209 226 259 246 118 268 236 31 72 85 230 157 131 2 10 180 90 57 121
746 276 93 71 235 103 127 47 242 273 129 52 103 37 277 62 282 146 81 217
747 176 153 53 157 61 235 158 70 167 248 126 39 223 271 161 209 125 287 256
748 66 11 84 169 114 172 145 227 154 43 7 122 218 211 227 75 272 213 284
749 93 79 231 271 118 205 293 278 114 117 17 121 182 79 204 50 244 127 246
750 170 280 288 229 154 258 191 132 84 214 44 67 7 175 50 29 44 6 21
751 73 119 137 89 291 70 220 246 119 163 73 116 85 104 156 65 9 113 255
752 140 196 169 236 14 227 110 63 255 153 69 27 225 239 215 66 230 284 37
753 175 154 251 299 269 35 103 176 151 111 288 106 251 235 26 238 1 4 47
754 63 10 251 183 36 227 174 250 44 103 285 80 29 138 83 80 158 117 182
755 34 20 44 21 125 46 8 202 283 8 205 29 122 266 31 5 53 10 178
756 2 53 32 286 185 112 175 267 191 32 135 124 65 154 168 138 30 213 145
757 231 196 204 187 276 25 204 7 81 256 16 258 9 120 41 294 4 153 220
758 22 95 252 157 219 16 10 86 153 92 298 49 22 193 252 261 169 29 216
759 227 109 172 294 119 180 113 159 226 169 63 145 190 158 148 46 128 164 108
760 213 68 199 210 169 272 155 172 284 75 200 200 53 61 123 46 179 2 210
761 89 279 78 204 176 20 113 23 117 240 238 276 152 6 226 113 226 198 19
762 97 233 145 49 184 197 161 6 294 91 60 256 179 90 85 134 265 104 246
763 40 273 185 277 248 88 34 174 253 259 123 23 108 55 168 156 291 116 68
764 48 162 158 107 117 88 249 201 222 213 57 167 252 81 104 281 28 243 14
765 253 247 273 75 270 132 182 189 39 172 56 106 219 217 263 78 85 50 26
766 38 23 290 94 242 294 226 97 274 253 39 39 258 38 11 32 59 194 265
767 247 232 188 2 37 107 271 51 236 55 153 13 92 175 54 237 116 47 214
768 212 72 167 3 111 124 40 173 207 98 67 172 96 298 59 149 87 217 119
769 137 204 226 289 216 69 164 270 58 31 68 271 243 140 189 297 2 12 36
770 174 271 185 240 194 32 290 252 180 76 221 51 212 124 28 253 92 96 168
771 61 205 198 180 176 192 71 64 188 72 128 275 246 150 211 237 43 242 226
772 294 174 1 266 224 265 90 3 269 181 98 136 293 3 85 224 230 277 295
773 293 216 66 172 191 11 21 153 300 63 95 225 109 20 278 74 295 294 215
774 297 262 147 146 97 139 200 181 115 129 209 109 174 125 174 45 67 237 118
775 219 236 232 65 212 40 136 189 166 130 182 80 126 143 227 24 291 117 223
776 224 231 52 184 91 277 8 17 73 126 253 190 97 240 122 161 203 213 297
777 92 130 178 25 210 56 220 188 79 262 56 1 237 39 104 121 129 80 180
778 145 153 6 149 42 154 140 215 66 43 180 114 186 9 292 262 270 47 181
779 157 125 195 213 125 131 3 229 3 131 60 183 276 212 240 124 6 93 16
780 220 210 58 151 24 243 160 15 256 129 61 137 38 237 83 2 113 265 4
781 93 268 134 153 202 161 64 141 37 121 285 52 41 194 109 243 269 103 102
782 283 58 283 95 246 20 83 28 21 196 293 24 288 12 209 192 213 70 8
783 105 106 128 141 157 220 34 17 163 55 119 16 37 228 298 184 174 17 266
784 253 37 161 297 112 201 8 21 144 272 90 151 76 247 31 216 103 250 2
785 119 164 56 289 180 144 216 177 27 141 194 293 146 282 205 194 94 157 202
786 166 1 173 255 203 1 253 233 216 55 235 217 225 98 272 265 277 116 232
787 154 194 73 99 186 270 80 143 163 225 51 116 90 103 289 96 6 289 48
788 290 256 102 224 173 78 74 196 42 50 63 26 255 257 150 105 194 119 185
789 36 281 161 139 149 251 241 137 46 298 177 94 288 184 247 263 56 77 36
790 4 170 138 66 195 144 74 44 249 268 214 185 55 195 45 193 43 47 134
791 231 145 183 159 290 170 42 288 185 150 64 272 205 286 161 270 180 5 44
792 276 5 63 189 241 117 83 37 62 177 84 247 159 280 129 69 269 51 163
793 256 235 64 72 206 268 57 119 237 236 175 32 263 179 94 152 171 263 286
794 207 24 163 42 270 73 73 98 142 41 148 56 49 134 119 120 40 86 228
795 210 74 215 84 106 178 14 251 29 184 213 14 142 236 228 236 205 1 8
796 55 194 49 202 1 149 36 119 20 127 256 247 88 29 161 171 134 90 236
797 137 118 119 49 184 12 37 111 247 293 163 255 47 108 55 1 108 203 88
798 278 222 266 233 220 53 262 132 223 147 222 210 283 91 28 84 274 91 120
799 85 38 112 299 44 159 107 98 159 266 52 298 244 25 263 176 296 15 189
800 127 289 36 100 198 70 191 277 153 164 67 272 300 156 84 299 199 294 157
801 48 204 122 151 201 117 227 163 45 222 229 233 49 217 20 148 166 90 90
802 142 294 6 260 18 5 116 153 55 66 146 263 166 101 137 16 1 253 243
803 215 297 216 143 230 264 111 1 164 276 90 5 117 136 10 128 153 67 243
804 5 173 61 202 136 226 2 272 293 2 276 287 268 273 203 110 254 218 272
805 254 133 247 96 138 115 231 199 242 135 17 237 139 190 297 92 77 274 93
806 100 18 146 75 5 113 47 259 274 52 228 245 6 61 243 153 250 109 135
807 148 50 269 165 38 159 106 34 250 182 59 42 33 77 187 107 133 51 206
808 143 24 257 70 268 14 130 262 218 131 70 52 279 171 20 195 209 230 52
809 294 179 285 53 272 17 181 210 123 65 260 80 207 283 89 276 2 154 158
810 263 72 288 84 123 18 255 195 264 163 124 15 208 55 299 12 26 67 192
811 236 242 256 247 21 214 230 109 190 283 15 99 298 86 86 81 208 156 87
812 154 119 1 278 186 209 32 184 220 109 3 164 96 244 171 43 264 85 24
813 125 26 6 139 124 3 276 261 136 183 116 222 89 287 275 66 172 183 149
814 107 154 9 109 17 105 52 240 199 16 24 222 192 101 279 30 224 282 5
815 236 169 239 104 142 27 90 116 144 261 50 44 67 204 53 176 272 157 227
816 211 55 294 234 28 237 86 6 18 61 39 22 297 207 13 100 101 91 189
817 216 287 201 266 30 267 221 82 194 192 290 173 103 96 218 88 123 155 226
818 129 172 286 219 246 282 126 258 133 226 100 73 193 86 273 210 168 240 130
819 249 185 74 239 57 228 34 275 67 209 129 292 89 300 278 7 297 259 184
820 254 144 161 106 216 54 243 189 15 110 180 145 59 64 270 49 173 197 134
821 147 263 42 27 255 182 78 232 189 75 242 72 80 137 233 185 53 38 180
822 241 52 289 172 248 99 235 269 199 107 165 33 5 180 126 83 134 8 161
823 117 248 235 110 71 66 247 3 3 51 92 182 43 144 222 214 143 73 200
824 112 271 59 28 55 115 207 233 198 92 292 58 260 239 44 122 9 109 120
825 64 111 170 155 44 264 50 266 177 245 38 128 56 60 186 135 167 1 42
826 99 198 185 142 7 145 80 50 18 140 210 137 255 21 6 110 116 21 211
827 81 197 155 170 24 262 282 262 149 148 14 190 246 263 74 139 269 270 218
828 70 287 109 279 175 64 51 232 225 167 252 187 247 148 94 169 224 107 150
829 237 255 297 250 144 294 212 270 132 232 291 101 1 30 261 279 204 24 82
830 136 300 248 87 187 246 287 280 166 210 86 15 198 41 63 147 236 108 110
831 257 239 41 248 91 93 277 52 123 180 127 204 67 127 203 154 65 149 140
832 96 14 101 233 81 298 273 143 196 261 251 5 217 241 97 216 84 189 244
833 187 11 124 13 215 190 191 117 95 7 17 234 102 83 34 35 163 31 59
834 57 226 71 7 282 288 300 78 203 83 266 147 269 29 22 33 295 263 224
835 163 58 230 180 43 84 14 77 170 176 159 228 232 85 299 291 118 38 290
836 196 292 124 213 190 92 241 263 176 235 226 99 98 35 81 29 77 216 42
837 205 85 269 64 12 200 200 62 242 17 99 231 264 143 54 177 32 197 169
838 295 73 156 272 223 5 6 55 33 134 270 126 91 54 94 154 118 45 105
839 231 287 173 82 269 189 224 75 65 255 23 285 249 147 140 220 70 144 277
840 124 228 163 146 53 253 251 198 158 68 295 262 51 33 186 132 53 74 55
841 127 190 9 150 175 10 48 14 229 117 210 258 293 137 120 138 190 72 140
842 139 281 260 185 242 10 217 179 141 270 253 195 148 142 203 49 68 212 97
843 134 193 213 43 202 257 179 73 146 120 144 286 259 124 245 195 117 254 112
844 295 94 133 299 40 280 193 242 29 260 206 125 145 150 89 187 51 46 66
845 123 243 185 18 280 195 193 224 90 61 229 253 107 74 85 158 113 64 50
846 107 144 61 12 268 206 213 109 92 15 206 209 189 148 146 258 128 92 202
847 103 233 262 32 185 120 105 21 277 270 137 78 76 280 191 139 248 96 51
848 56 239 65 261 200 5 160 45 262 287 188 163 90 121 176 173 57 295 29
849 78 24 298 214 101 73 245 291 263 192 138 13 299 129 129 11 28 185 171
850 72 146 209 11 60 50 131 235 222 240 282 251 17 5 300 282 157 125 226
851 148 87 170 37 152 220 165 280 231 192 165 101 15 62 61 26 122 111 208
852 56 32 147 89 34 215 93 86 248 250 210 226 149 296 95 185 147 14 102
853 179 296 45 95 148 60 156 209 137 277 19 96 85 102 243 173 188 209 18
854 273 157 19 182 134 167 229 280 103 128 45 204 6 41 249 100 188 60 7
855 96 248 36 166 43 172 268 37 96 207 246 113 179 154 131 112 287 49 40
856 18 152 167 62 107 224 102 55 75 290 166 82 137 113 169 55 208 40 74
857 244 135 280 241 300 158 146 130 269 184 179 60 201 82 279 263 188 202 64
858 295 29 105 160 110 294 25 30 48 232 69 121 227 255 100 168 254 9 13
859 84 29 197 14 88 97 95 66 59 34 20 175 28 48 31 240 209 24 264
860 238 123 247 58 295 173 12 146 40 266 154 105 49 234 1 114 22 149 260
861 139 208 293 210 134 73 257 164 12 217 240 27 206 62 273 263 109 145 275
862 254 237 240 160 41 40 93 93 153 166 241 164 5 200 156 266 33 228 223
863 249 239 191 188 17 97 1 289 59 161 186 33 115 174 24 274 214 63 66
864 6 267 232 246 130 288 198 38 253 230 265 227 230 256 118 117 272 266 170
865 13 24 30 250 109 196 123 132 169 36 247 287 93 265 270 90 147 9 287
866 184 13 217 200 240 198 155 109 67 179 74 236 243 149 17 192 9 265 14
867 193 133 49 139 171 193 155 192 282 1 200 269 236 265 237 136 204 134 290
868 64 200 220 189 187 162 89 256 53 98 220 66 290 104 166 180 27 58 86
869 218 92 87 170 60 22 134 48 157 89 233 199 152 133 170 92 71 32 180
870 26 136 29 297 202 70 101 119 249 127 177 87 44 20 173 265 79 246 98
871 178 155 238 110 105 89 294 274 232 65 57 164 142 193 192 139 94 262 239
872 264 262 117 192 48 212 211 272 177 41 270 26 218 176 264 28 280 104 21
873 253 36 85 10 251 279 254 142 117 99 155 107 62 169 223 254 268 186 164
874 292 62 257 261 140 174 188 103 201 167 206 274 171 293 110 232 243 88 185
875 137 256 283 43 62 45 263 36 50 231 222 265 274 35 221 286 174 95 173
876 28 47 39 286 20 261 278 182 193 273 269 77 161 225 60 203 38 156 166
877 74 205 148 47 169 173 81 142 158 7 236 30 34 34 120 19 54 80 49
878 235 24 21 255 101 233 179 212 135 269 67 52 42 23 251 88 243 123 220
879 84 280 278 71 61 12 105 232 82 210 64 130 196 87 202 150 187 134 81
880 150 21 49 216 72 142 290 23 281 233 145 200 16 177 178 87 289 241 191
881 221 22 152 284 152 47 70 105 196 9 239 28 158 259 76 126 82 217 115
882 104 197 99 1 149 115 229 78 253 217 18 195 189 39 46 172 242 92 294
883 47 39 54 37 67 263 47 194 88 128 163 255 284 111 53 284 259 219 264
884 88 171 180 105 117 69 196 214 292 137 57 37 235 96 90 271 214 105 17
885 159 192 197 21 198 180 184 251 215 194 221 178 282 144 109 86 260 229 33
886 174 221 170 282 9 156 129 151 179 42 255 247 253 198 143 25 96 22 208
887 98 288 102 18 165 135 213 26 220 173 254 5 98 226 174 131 235 81 260
888 137 259 1 91 258 5 288 100 30 135 174 289 284 161 142 54 78 276 266
889 103 248 190 56 252 39 34 177 170 20 257 129 156 268 181 246 225 186 285
890 24 267 172 249 255 155 162 97 208 239 72 226 93 71 115 200 22 154 233
891 198 23 252 207 203 107 174 83 104 98 20 141 173 286 64 174 241 218 35
892 89 178 273 160 103 117 283 217 16 4 122 249 202 144 252 160 46 111 33
893 181 266 182 200 106 54 186 169 227 178 139 13 266 68 37 177 170 153 159
894 138 169 163 260 169 116 155 172 275 253 282 59 133 248 240 84 105 45 269
895 26 24 146 216 36 163 283 73 40 204 277 250 41 145 164 52 65 279 207
896 237 5 211 218 63 43 217 54 126 22 99 147 47 122 44 14 157 207 296
897 281 298 199 258 299 291 154 163 43 219 193 1 207 250 211 124 64 5 93
898 118 182 114 216 28 212 37 124 225 245 82 272 226 131 170 183 129 160 36
899 291 254 6 184 254 212 133 164 88 196 220 180 13 102 45 280 181 8 68
900 56 284 13 137 255 290 267 176 172 96 35 259 138 41 17 73 294 280 205
901 210 67 153 129 298 217 282 42 249 215 101 16 270 84 28 107 90 17 125
902 265 240 272 52 251 110 92 267 182 137 246 139 46 65 43 227 62 259 208
903 156 207 122 256 275 92 92 2 250 181 71 126 198 62 98 1 12 259 92
904 30 192 280 28 30 26 92 72 252 205 83 159 60 41 33 68 15 124 211
905 69 125 91 139 250 40 252 47 40 264 57 183 293 249 163 72 30 240 163
906 102 243 68 236 153 179 28 185 246 43 60 208 163 184 51 53 186 90 4
907 284 182 19 41 116 64 289 30 135 18 269 298 171 211 117 158 64 47 186
908 300 45 280 60 252 194 295 2 246 180 92 1 216 25 20 256 140 83 296
909 170 217 65 190 266 288 153 82 197 216 129 134 267 173 113 26 176 58 73
910 178 3 4 269 56 219 293 75 226 184 157 273 53 125 38 295 91 77 147
911 224 273 114 104 107 80 276 271 158 204 29 230 81 83 233 101 190 204 93
912 264 129 28 172 102 133 297 191 127 87 19 273 10 291 86 114 149 165 141
913 172 22 44 252 3 124 86 236 224 276 139 68 239 19 148 111 172 280 159
914 62 106 245 80 130 6 123 215 171 23 131 12 194 205 107 145 207 283 231
915 194 258 258 84 26 196 103 225 58 274 204 216 88 61 212 219 190 218 93
916 156 88 116 286 151 61 242 258 206 149 292 188 42 249 145 178 26 92 280
917 250 202 5 153 169 144 265 81 115 154 50 207 9 189 74 47 92 135 288
918 101 92 188 92 31 282 40 227 159 66 70 190 15 271 246 220 140 90 184
919 272 256 90 73 162 150 13 288 196 104 122 236 256 265 175 47 295 156 139
920 221 66 204 42 7 270 13 253 241 204 94 177 227 49 266 51 262 115 63
921 249 63 219 122 50 174 86 224 273 132 132 111 104 249 66 146 256 35 158
922 260 28 113 105 204 39 153 169 141 166 35 255 115 149 173 236 198 99 74
923 174 71 205 57 181 9 5 298 154 12 32 63 23 111 175 127 14 265 31
924 234 105 197 269 111 63 169 284 298 67 134 123 292 256 28 48 188 36 52
925 185 189 116 268 3 138 79 177 17 92 193 47 26 49 295 46 159 57 214
926 194 107 32 27 229 23 282 8 70 169 43 174 105 283 41 73 285 230 151
927 213 246 242 105 45 19 153 91 116 12 200 82 205 6 165 284 286 188 265
928 294 9 186 88 234 290 123 274 114 159 256 264 72 201 258 228 297 276 81
929 140 144 144 39 225 48 96 89 83 81 28 48 126 37 285 266 22 26 88
930 296 140 298 3 103 69 255 60 297 252 88 129 91 231 272 129 155 71 276
931 295 154 56 23 253 234 111 289 251 132 14 90 179 205 87 181 60 156 136
932 119 204 139 258 32 281 188 55 161 94 125 136 141 30 243 163 282 176 273
933 270 178 156 36 267 35 240 54 267 299 261 102 170 164 240 127 247 220 67
934 1 80 212 177 267 52 207 210 266 240 137 290 262 15 146 49 281 232 40
935 86 198 39 46 300 260 209 291 138 207 263 256 207 94 168 84 61 271 42
936 22 237 33 158 226 46 172 123 94 205 54 134 290 252 224 36 3 183 296
937 45 72 203 59 28 109 153 247 244 265 217 37 286 205 122 195 183 167 67
938 5 13 271 59 146 12 62 121 47 116 55 43 160 126 297 219 153 157 123
939 99 153 139 68 189 176 272 62 70 154 229 188 159 293 210 269 138 222 82
940 10 268 197 64 62 108 189 110 78 94 267 252 244 119 90 11 59 17 283
941 121 87 188 101 274 98 93 236 66 282 157 199 291 176 95 54 290 255 294
942 99 32 139 65 284 83 183 73 145 242 142 127 114 228 67 214 253 164 6
943 188 282 287 96 180 277 272 27 82 261 281 127 59 12 266 176 47 100 58
944 172 244 51 13 123 216 240 189 129 244 104 134 184 85 120 279 17 148 2
945 43 281 262 75 108 73 138 125 248 185 276 57 56 219 160 68 93 75 59
946 33 204 54 137 89 237 273 261 268 41 108 21 83 89 35 209 248 107 47
947 72 106 231 47 214 38 17 73 105 162 200 215 194 155 268 82 243 257 55
948 203 276 147 63 296 230 151 30 190 150 188 236 273 293 218 71 207 255 87
949 31 59 248 230 273 194 84 293 275 79 249 81 281 224 228 43 219 209 245
950 1 98 146 188 86 118 233 3 188 139 258 275 221 68 274 151 93 167 286
951 85 194 64 85 274 97 8 253 191 278 161 188 30 11 33 218 96 151 150
952 150 38 40 159 64 260 279 38 162 71 256 148 207 149 263 291 175 59 50
953 127 2 79 288 189 109 50 221 78 197 71 227 46 161 18 205 224 277 183
954 261 191 5 269 38 211 117 52 253 291 163 54 118 164 132 157 52 240 258
955 24 17 154 95 295 199 255 12 155 230 41 37 243 283 93 211 20 55 27
956 123 7 70 285 60 239 148 244 147 199 183 104 223 252 257 69 298 155 75
957 62 62 4 154 98 246 136 243 156 155 297 235 277 4 4 14 115 294 161
958 58 140 112 293 243 86 244 251 154 241 157 280 54 218 283 207 68 281 42
959 10 188 196 6 122 225 61 177 238 176 222 150 285 61 261 277 55 46 272
960 5 251 265 162 230 18 79 265 225 146 297 266 155 236 214 213 110 190 273
961 286 179 200 260 28 185 20 41 213 75 86 185 79 89 149 292 70 166 71
962 86 90 216 134 108 123 70 21 35 179 210 59 164 88 259 175 115 195 195
963 155 107 21 293 291 151 133 191 143 202 109 213 40 198 180 173 57 2 242
964 77 88 120 38 199 36 125 157 210 292 51 156 198 209 176 242 200 27 74
965 142 169 28 250 81 67 200 12 291 256 66 233 33 153 104 122 51 139 247
966 259 101 290 61 256 187 270 132 181 221 210 254 62 78 33 12 210 151 211
967 221 142 166 286 126 250 191 229 72 293 120 70 252 220 59 64 175 297 33
968 58 177 253 267 183 15 96 267 78 57 118 40 278 11 257 15 136 207 205
969 116 30 250 235 151 253 206 261 16 133 257 49 242 186 53 261 120 119 56
970 138 196 113 255 235 142 17 192 208 204 150 165 20 231 114 6 81 66 264
971 41 81 96 49 129 37 286 234 297 157 52 105 295 248 269 249 234 110 18
972 177 17 221 26 233 292 8 46 50 140 111 13 232 244 108 281 124 144 18
973 57 193 175 109 297 169 108 265 169 41 126 186 270 194 159 47 127 202 55
974 172 251 194 35 263 178 30 122 210 153 18 227 262 210 101 70 258 21 229
975 274 190 269 99 127 238 292 37 37 170 239 91 42 241 36 128 256 213 157
976 129 122 61 146 101 22 107 253 143 116 274 71 89 215 92 187 93 81 231
977 182 117 100 172 207 193 112 295 72 119 207 228 248 81 289 93 181 62 252
978 133 205 67 106 275 156 72 66 94 165 147 76 46 15 228 217 222 120 80
979 216 244 199 174 171 146 254 211 290 134 273 241 19 229 60 124 255 267 248
980 21 112 112 219 188 209 233 167 177 206 38 256 173 281 154 47 152 51 52
981 114 41 186 138 33 204 66 92 79 73 110 26 93 222 189 63 161 149 47
982 27 25 253 64 281 177 45 186 223 248 237 275 113 29 212 251 113 167 68
983 257 297 140 66 75 284 287 15 98 199 164 197 225 188 201 41 220 77 85
984 106 300 84 94 26 248 174 289 250 286 207 70 294 203 261 60 29 245 98
985 44 94 297 207 290 273 146 190 13 66 267 149 223 18 284 16 95 232 189
986 83 181 226 289 250 220 243 211 31 272 207 180 15 52 176 273 42 201 118
987 283 213 183 1 114 105 70 97 172 164 28 112 298 261 90 286 262 9 281
988 172 91 252 130 270 18 182 198 290 275 98 159 9 62 94 10 175 250 79
989 272 122 295 51 233 292 11 22 30 273 82 10 196 224 261 78 194 30 11
990 91 71 37 188 229 45 249 22 106 176 24 237 147 145 231 249 129 222 12
991 203 251 36 36 260 231 260 272 60 153 53 70 295 123 106 182 104 203 182
992 177 8 57 200 296 255 44 226 204 225 200 215 127 150 2 214 162 284 173
993 185 44 25 238 165 19 112 271 252 267 225 186 144 284 294 43 280 249 139
994 205 204 115 156 170 293 6 171 206 219 154 79 155 249 155 144 114 226 8
995 136 177 274 60 114 117 95 108 212 74 108 102 31 63 216 186 232 208 243
996 154 113 213 59 191 68 60 46 211 173 23 218 8 199 244 119 13 60 213
997 172 271 39 279 72 69 93 39 254 24 246 249 229 111 161 39 53 280 98
998 150 191 270 172 160 29 71 103 199 135 215 164 58 237 202 88 61 270 180
999 99 275 255 97 275 183 207 136 273 259 115 71 161 57 92 32 269 173 154
1000 123 71 288 89 234 97 26 187 184 86 156 63 236 183 69 32 157 3 290
50
U C2 276 1 C3 45 +
U C1 189 2 C19 10 - C20 31 +
U C2 117 2 C13 3 + C12 10 -
U C2 145 10 C13 3 + C3 48 - C15 8 + C13 27 + C18 15 - C13 28 + C20 28 + C13 4 - C3 18 + C18 15 +
U C2 46 10 C12 17 + C5 37 + C13 19 - C15 43 - C6 11 - C18 16 - C13 2 + C10 5 + C18 40 - C15 25 +
U C2 165 1 C18 30 -
U C1 223 10 C12 27 + C11 8 - C3 46 + C12 12 + C12 5 - C10 41 + C13 15 - C12 30 + C6 34 + C5 38 -
U C2 72 1 C8 48 +
U C2 99 9 C10 3 + C10 19 + C20 12 - C18 1 + C7 34 + C19 25 + C14 15 + C3 27 + C15 0 +
U C1 352 3 C4 44 - C6 32 + C10 25 -
U C1 813 7 C9 20 + C4 17 - C16 32 + C13 42 - C5 22 + C13 34 - C7 25 +
U C2 258 3 C5 38 - C8 9 - C8 37 -
U C2 105 9 C9 46 + C15 2 + C11 44 + C3 20 - C20 30 + C18 29 - C16 37 + C15 18 - C10 23 +
U C2 141 4 C14 44 - C13 49 - C17 37 - C18 5 -
U C1 309 4 C5 42 + C11 39 + C3 24 + C8 9 +
U C2 119 7 C3 16 - C6 36 + C15 22 - C12 47 + C9 45 + C6 46 + C7 4 +
U C1 663 7 C19 27 - C19 40 + C4 5 + C11 22 + C19 45 + C14 16 + C14 9 -
U C2 57 6 C9 34 - C9 36 - C17 25 + C20 31 - C4 42 + C16 6 +
U C2 125 8 C17 33 + C19 38 - C4 0 - C12 14 + C15 20 + C13 40 - C7 37 - C10 31 -
U C2 239 7 C5 46 + C8 26 + C6 28 + C5 49 + C5 36 + C9 45 + C7 39 +
U C1 94 1 C20 1 -
U C1 669 4 C9 20 - C10 0 - C12 25 - C8 8 -
U C1 103 2 C19 46 + C8 26 -
U C2 269 4 C8 5 + C5 32 + C11 4 - C14 49 -
U C2 299 3 C13 44 + C6 34 + C16 34 +
U C2 118 10 C16 23 - C3 38 - C19 49 - C9 41 - C12 14 - C15 45 - C4 10 - C12 9 - C9 32 + C17 24 -
U C2 274 3 C8 27 - C15 35 + C20 21 -
U C1 304 10 C20 31 - C12 34 - C5 18 + C13 36 - C13 36 - C8 46 + C5 33 - C10 9 + C6 2 - C17 22 +
U C2 269 3 C11 37 + C10 27 + C19 21 +
U C2 6 2 C17 49 - C13 25 +
U C2 175 2 C4 47 - C19 33 -
U C2 153 8 C6 47 + C8 30 + C15 14 - C11 29 - C12 1 + C13 3 - C5 12 - C10 13 +
U C1 583 4 C17 21 - C16 12 + C3 43 - C13 29 -
U C2 213 4 C17 25 + C3 16 + C18 18 + C15 42 +
U C1 291 1 C4 38 -
U C2 255 6 C20 26 + C5 32 + C11 45 + C6 20 - C20 8 - C12 32 +
U C1 69 9 C5 13 + C3 2 - C14 37 - C3 19 - C11 25 - C13 23 + C17 46 + C11 44 - C6 21 -
U C2 292 4 C10 19 + C19 37 - C4 18 + C15 28 -
U C2 208 8 C9 37 + C17 34 - C18 20 - C13 13 + C14 35 + C13 24 - C4 26 - C19 27 -
U C1 784 1 C17 22 -
U C2 277 7 C18 43 + C17 42 + C14 34 + C17 1 - C11 11 - C12 30 + C5 14 -
U C1 250 2 C9 5 - C12 10 +
U C2 140 6 C7 38 - C7 3 - C11 9 + C4 49 - C10 41 + C8 25 +
U C1 770 4 C12 5 + C20 40 + C8 14 + C9 10 +
U C2 51 6 C11 1 - C13 46 + C14 11 - C18 24 - C19 15 + C18 16 +
U C1 702 5 C3 2 + C15 10 + C15 15 - C9 7 + C14 31 +
U C2 254 5 C12 4 + C15 0 - C3 40 + C3 32 - C18 36 +
U C2 144 9 C3 41 + C12 35 - C8 36 - C4 44 + C10 3 + C11 35 - C20 15 - C10 46 - C16 25 -
U C2 63 5 C8 22 + C16 5 - C16 12 + C17 44 + C11 9 -
U C1 134 7 C14 33 - C17 24 - C14 11 + C4 46 - C14 42 - C4 15 - C16 22 -
